1 64 0 2 1 16 0.001 1 367 0.01 200 120
1 64 0 2 1 16 0.001 1 367 0.01 500 121
1 64 0 2 1 16 0.001 1 367 0.01 1000 122
1 64 0 2 1 16 0.001 1 367 0.1 200 123
1 64 0 2 1 16 0.001 1 367 0.1 500 124
1 64 0 2 1 16 0.001 1 367 0.1 1000 125
1 64 0 2 1 16 0.001 1 367 1 200 126
1 64 0 2 1 16 0.001 1 367 1 500 127
1 64 0 2 1 16 0.001 1 367 1 1000 128
2 64 0 2 1 64 0.001 1 856 0.01 200 129
2 64 0 2 1 64 0.001 1 856 0.01 500 130
2 64 0 2 1 64 0.001 1 856 0.01 1000 131
2 64 0 2 1 64 0.001 1 856 0.1 200 132
2 64 0 2 1 64 0.001 1 856 0.1 500 133
2 64 0 2 1 64 0.001 1 856 0.1 1000 134
2 64 0 2 1 64 0.001 1 856 1 200 135
2 64 0 2 1 64 0.001 1 856 1 500 136
2 64 0 2 1 64 0.001 1 856 1 1000 137
2 64 2 2 1 16 0.001 1 961 0.01 200 138
2 64 2 2 1 16 0.001 1 961 0.01 500 139
2 64 2 2 1 16 0.001 1 961 0.01 1000 140
2 64 2 2 1 16 0.001 1 961 0.1 200 141
2 64 2 2 1 16 0.001 1 961 0.1 500 142
2 64 2 2 1 16 0.001 1 961 0.1 1000 143
2 64 2 2 1 16 0.001 1 961 1 200 144
2 64 2 2 1 16 0.001 1 961 1 500 145
2 64 2 2 1 16 0.001 1 961 1 1000 146
5 64 0 2 1 16 0.001 1 1339 0.01 200 147
5 64 0 2 1 16 0.001 1 1339 0.01 500 148
5 64 0 2 1 16 0.001 1 1339 0.01 1000 149
5 64 0 2 1 16 0.001 1 1339 0.1 200 150
5 64 0 2 1 16 0.001 1 1339 0.1 500 151
5 64 0 2 1 16 0.001 1 1339 0.1 1000 152
5 64 0 2 1 16 0.001 1 1339 1 200 153
5 64 0 2 1 16 0.001 1 1339 1 500 154
5 64 0 2 1 16 0.001 1 1339 1 1000 155
5 64 0 2 1 64 0.001 1 1342 0.01 200 156
5 64 0 2 1 64 0.001 1 1342 0.01 500 157
5 64 0 2 1 64 0.001 1 1342 0.01 1000 158
5 64 0 2 1 64 0.001 1 1342 0.1 200 159
5 64 0 2 1 64 0.001 1 1342 0.1 500 160
5 64 0 2 1 64 0.001 1 1342 0.1 1000 161
5 64 0 2 1 64 0.001 1 1342 1 200 162
5 64 0 2 1 64 0.001 1 1342 1 500 163
5 64 0 2 1 64 0.001 1 1342 1 1000 164
5 64 0 2 1 64 0.01 1 1343 0.01 200 165
5 64 0 2 1 64 0.01 1 1343 0.01 500 166
5 64 0 2 1 64 0.01 1 1343 0.01 1000 167
5 64 0 2 1 64 0.01 1 1343 0.1 200 168
5 64 0 2 1 64 0.01 1 1343 0.1 500 169
5 64 0 2 1 64 0.01 1 1343 0.1 1000 170
5 64 0 2 1 64 0.01 1 1343 1 200 171
5 64 0 2 1 64 0.01 1 1343 1 500 172
5 64 0 2 1 64 0.01 1 1343 1 1000 173
5 64 2 2 1 16 0.001 1 1447 0.01 200 174
5 64 2 2 1 16 0.001 1 1447 0.01 500 175
5 64 2 2 1 16 0.001 1 1447 0.01 1000 176
5 64 2 2 1 16 0.001 1 1447 0.1 200 177
5 64 2 2 1 16 0.001 1 1447 0.1 500 178
5 64 2 2 1 16 0.001 1 1447 0.1 1000 179
5 64 2 2 1 16 0.001 1 1447 1 200 180
5 64 2 2 1 16 0.001 1 1447 1 500 181
5 64 2 2 1 16 0.001 1 1447 1 1000 182
5 64 2 2 1 64 0.001 1 1450 0.01 200 183
5 64 2 2 1 64 0.001 1 1450 0.01 500 184
5 64 2 2 1 64 0.001 1 1450 0.01 1000 185
5 64 2 2 1 64 0.001 1 1450 0.1 200 186
5 64 2 2 1 64 0.001 1 1450 0.1 500 187
5 64 2 2 1 64 0.001 1 1450 0.1 1000 188
5 64 2 2 1 64 0.001 1 1450 1 200 189
5 64 2 2 1 64 0.001 1 1450 1 500 190
5 64 2 2 1 64 0.001 1 1450 1 1000 191
