1 16 0 1 0 64 0.001 1 0.1 0.001 648
1 16 0 1 0 64 0.001 1 0.1 0.01 649
1 16 0 1 0 64 0.001 1 0.1 0.05 650
1 16 0 1 0 64 0.001 1 0.5 0.001 651
1 16 0 1 0 64 0.001 1 0.5 0.01 652
1 16 0 1 0 64 0.001 1 0.5 0.05 653
1 16 0 1 0 64 0.001 1 1 0.001 654
1 16 0 1 0 64 0.001 1 1 0.01 655
1 16 0 1 0 64 0.001 1 1 0.05 656
1 16 0 1 1 64 0.001 1 0.1 0.001 657
1 16 0 1 1 64 0.001 1 0.1 0.01 658
1 16 0 1 1 64 0.001 1 0.1 0.05 659
1 16 0 1 1 64 0.001 1 0.5 0.001 660
1 16 0 1 1 64 0.001 1 0.5 0.01 661
1 16 0 1 1 64 0.001 1 0.5 0.05 662
1 16 0 1 1 64 0.001 1 1 0.001 663
1 16 0 1 1 64 0.001 1 1 0.01 664
1 16 0 1 1 64 0.001 1 1 0.05 665
1 16 1 1 0 64 0.001 1 0.1 0.001 666
1 16 1 1 0 64 0.001 1 0.1 0.01 667
1 16 1 1 0 64 0.001 1 0.1 0.05 668
1 16 1 1 0 64 0.001 1 0.5 0.001 669
1 16 1 1 0 64 0.001 1 0.5 0.01 670
1 16 1 1 0 64 0.001 1 0.5 0.05 671
1 16 1 1 0 64 0.001 1 1 0.001 672
1 16 1 1 0 64 0.001 1 1 0.01 673
1 16 1 1 0 64 0.001 1 1 0.05 674
1 16 1 1 1 64 0.001 1 0.1 0.001 675
1 16 1 1 1 64 0.001 1 0.1 0.01 676
1 16 1 1 1 64 0.001 1 0.1 0.05 677
1 16 1 1 1 64 0.001 1 0.5 0.001 678
1 16 1 1 1 64 0.001 1 0.5 0.01 679
1 16 1 1 1 64 0.001 1 0.5 0.05 680
1 16 1 1 1 64 0.001 1 1 0.001 681
1 16 1 1 1 64 0.001 1 1 0.01 682
1 16 1 1 1 64 0.001 1 1 0.05 683
1 16 2 1 0 64 0.001 1 0.1 0.001 684
1 16 2 1 0 64 0.001 1 0.1 0.01 685
1 16 2 1 0 64 0.001 1 0.1 0.05 686
1 16 2 1 0 64 0.001 1 0.5 0.001 687
1 16 2 1 0 64 0.001 1 0.5 0.01 688
1 16 2 1 0 64 0.001 1 0.5 0.05 689
1 16 2 1 0 64 0.001 1 1 0.001 690
1 16 2 1 0 64 0.001 1 1 0.01 691
1 16 2 1 0 64 0.001 1 1 0.05 692
1 16 2 1 1 64 0.001 1 0.1 0.001 693
1 16 2 1 1 64 0.001 1 0.1 0.01 694
1 16 2 1 1 64 0.001 1 0.1 0.05 695
1 16 2 1 1 64 0.001 1 0.5 0.001 696
1 16 2 1 1 64 0.001 1 0.5 0.01 697
1 16 2 1 1 64 0.001 1 0.5 0.05 698
1 16 2 1 1 64 0.001 1 1 0.001 699
1 16 2 1 1 64 0.001 1 1 0.01 700
1 16 2 1 1 64 0.001 1 1 0.05 701
1 64 0 1 0 64 0.001 1 0.1 0.001 702
1 64 0 1 0 64 0.001 1 0.1 0.01 703
1 64 0 1 0 64 0.001 1 0.1 0.05 704
1 64 0 1 0 64 0.001 1 0.5 0.001 705
1 64 0 1 0 64 0.001 1 0.5 0.01 706
1 64 0 1 0 64 0.001 1 0.5 0.05 707
1 64 0 1 0 64 0.001 1 1 0.001 708
1 64 0 1 0 64 0.001 1 1 0.01 709
1 64 0 1 0 64 0.001 1 1 0.05 710
1 64 0 1 1 64 0.001 1 0.1 0.001 711
1 64 0 1 1 64 0.001 1 0.1 0.01 712
1 64 0 1 1 64 0.001 1 0.1 0.05 713
1 64 0 1 1 64 0.001 1 0.5 0.001 714
1 64 0 1 1 64 0.001 1 0.5 0.01 715
1 64 0 1 1 64 0.001 1 0.5 0.05 716
1 64 0 1 1 64 0.001 1 1 0.001 717
1 64 0 1 1 64 0.001 1 1 0.01 718
1 64 0 1 1 64 0.001 1 1 0.05 719
1 64 1 1 0 64 0.001 1 0.1 0.001 720
1 64 1 1 0 64 0.001 1 0.1 0.01 721
1 64 1 1 0 64 0.001 1 0.1 0.05 722
1 64 1 1 0 64 0.001 1 0.5 0.001 723
1 64 1 1 0 64 0.001 1 0.5 0.01 724
1 64 1 1 0 64 0.001 1 0.5 0.05 725
1 64 1 1 0 64 0.001 1 1 0.001 726
1 64 1 1 0 64 0.001 1 1 0.01 727
1 64 1 1 0 64 0.001 1 1 0.05 728
1 64 1 1 1 64 0.001 1 0.1 0.001 729
1 64 1 1 1 64 0.001 1 0.1 0.01 730
1 64 1 1 1 64 0.001 1 0.1 0.05 731
1 64 1 1 1 64 0.001 1 0.5 0.001 732
1 64 1 1 1 64 0.001 1 0.5 0.01 733
1 64 1 1 1 64 0.001 1 0.5 0.05 734
1 64 1 1 1 64 0.001 1 1 0.001 735
1 64 1 1 1 64 0.001 1 1 0.01 736
1 64 1 1 1 64 0.001 1 1 0.05 737
1 64 2 1 0 64 0.001 1 0.1 0.001 738
1 64 2 1 0 64 0.001 1 0.1 0.01 739
1 64 2 1 0 64 0.001 1 0.1 0.05 740
1 64 2 1 0 64 0.001 1 0.5 0.001 741
1 64 2 1 0 64 0.001 1 0.5 0.01 742
1 64 2 1 0 64 0.001 1 0.5 0.05 743
1 64 2 1 0 64 0.001 1 1 0.001 744
1 64 2 1 0 64 0.001 1 1 0.01 745
1 64 2 1 0 64 0.001 1 1 0.05 746
1 64 2 1 1 64 0.001 1 0.1 0.001 747
1 64 2 1 1 64 0.001 1 0.1 0.01 748
1 64 2 1 1 64 0.001 1 0.1 0.05 749
1 64 2 1 1 64 0.001 1 0.5 0.001 750
1 64 2 1 1 64 0.001 1 0.5 0.01 751
1 64 2 1 1 64 0.001 1 0.5 0.05 752
1 64 2 1 1 64 0.001 1 1 0.001 753
1 64 2 1 1 64 0.001 1 1 0.01 754
1 64 2 1 1 64 0.001 1 1 0.05 755
2 16 0 1 0 64 0.001 1 0.1 0.001 756
2 16 0 1 0 64 0.001 1 0.1 0.01 757
2 16 0 1 0 64 0.001 1 0.1 0.05 758
2 16 0 1 0 64 0.001 1 0.5 0.001 759
2 16 0 1 0 64 0.001 1 0.5 0.01 760
2 16 0 1 0 64 0.001 1 0.5 0.05 761
2 16 0 1 0 64 0.001 1 1 0.001 762
2 16 0 1 0 64 0.001 1 1 0.01 763
2 16 0 1 0 64 0.001 1 1 0.05 764
2 16 0 1 1 64 0.001 1 0.1 0.001 765
2 16 0 1 1 64 0.001 1 0.1 0.01 766
2 16 0 1 1 64 0.001 1 0.1 0.05 767
2 16 0 1 1 64 0.001 1 0.5 0.001 768
2 16 0 1 1 64 0.001 1 0.5 0.01 769
2 16 0 1 1 64 0.001 1 0.5 0.05 770
2 16 0 1 1 64 0.001 1 1 0.001 771
2 16 0 1 1 64 0.001 1 1 0.01 772
2 16 0 1 1 64 0.001 1 1 0.05 773
2 16 1 1 0 64 0.001 1 0.1 0.001 774
2 16 1 1 0 64 0.001 1 0.1 0.01 775
2 16 1 1 0 64 0.001 1 0.1 0.05 776
2 16 1 1 0 64 0.001 1 0.5 0.001 777
2 16 1 1 0 64 0.001 1 0.5 0.01 778
2 16 1 1 0 64 0.001 1 0.5 0.05 779
2 16 1 1 0 64 0.001 1 1 0.001 780
2 16 1 1 0 64 0.001 1 1 0.01 781
2 16 1 1 0 64 0.001 1 1 0.05 782
2 16 1 1 1 64 0.001 1 0.1 0.001 783
2 16 1 1 1 64 0.001 1 0.1 0.01 784
2 16 1 1 1 64 0.001 1 0.1 0.05 785
2 16 1 1 1 64 0.001 1 0.5 0.001 786
2 16 1 1 1 64 0.001 1 0.5 0.01 787
2 16 1 1 1 64 0.001 1 0.5 0.05 788
2 16 1 1 1 64 0.001 1 1 0.001 789
2 16 1 1 1 64 0.001 1 1 0.01 790
2 16 1 1 1 64 0.001 1 1 0.05 791
2 16 2 1 0 64 0.001 1 0.1 0.001 792
2 16 2 1 0 64 0.001 1 0.1 0.01 793
2 16 2 1 0 64 0.001 1 0.1 0.05 794
2 16 2 1 0 64 0.001 1 0.5 0.001 795
2 16 2 1 0 64 0.001 1 0.5 0.01 796
2 16 2 1 0 64 0.001 1 0.5 0.05 797
2 16 2 1 0 64 0.001 1 1 0.001 798
2 16 2 1 0 64 0.001 1 1 0.01 799
2 16 2 1 0 64 0.001 1 1 0.05 800
2 16 2 1 1 64 0.001 1 0.1 0.001 801
2 16 2 1 1 64 0.001 1 0.1 0.01 802
2 16 2 1 1 64 0.001 1 0.1 0.05 803
2 16 2 1 1 64 0.001 1 0.5 0.001 804
2 16 2 1 1 64 0.001 1 0.5 0.01 805
2 16 2 1 1 64 0.001 1 0.5 0.05 806
2 16 2 1 1 64 0.001 1 1 0.001 807
2 16 2 1 1 64 0.001 1 1 0.01 808
2 16 2 1 1 64 0.001 1 1 0.05 809
2 64 0 1 0 64 0.001 1 0.1 0.001 810
2 64 0 1 0 64 0.001 1 0.1 0.01 811
2 64 0 1 0 64 0.001 1 0.1 0.05 812
2 64 0 1 0 64 0.001 1 0.5 0.001 813
2 64 0 1 0 64 0.001 1 0.5 0.01 814
2 64 0 1 0 64 0.001 1 0.5 0.05 815
2 64 0 1 0 64 0.001 1 1 0.001 816
2 64 0 1 0 64 0.001 1 1 0.01 817
2 64 0 1 0 64 0.001 1 1 0.05 818
2 64 0 1 1 64 0.001 1 0.1 0.001 819
2 64 0 1 1 64 0.001 1 0.1 0.01 820
2 64 0 1 1 64 0.001 1 0.1 0.05 821
2 64 0 1 1 64 0.001 1 0.5 0.001 822
2 64 0 1 1 64 0.001 1 0.5 0.01 823
2 64 0 1 1 64 0.001 1 0.5 0.05 824
2 64 0 1 1 64 0.001 1 1 0.001 825
2 64 0 1 1 64 0.001 1 1 0.01 826
2 64 0 1 1 64 0.001 1 1 0.05 827
2 64 1 1 0 64 0.001 1 0.1 0.001 828
2 64 1 1 0 64 0.001 1 0.1 0.01 829
2 64 1 1 0 64 0.001 1 0.1 0.05 830
2 64 1 1 0 64 0.001 1 0.5 0.001 831
2 64 1 1 0 64 0.001 1 0.5 0.01 832
2 64 1 1 0 64 0.001 1 0.5 0.05 833
2 64 1 1 0 64 0.001 1 1 0.001 834
2 64 1 1 0 64 0.001 1 1 0.01 835
2 64 1 1 0 64 0.001 1 1 0.05 836
2 64 1 1 1 64 0.001 1 0.1 0.001 837
2 64 1 1 1 64 0.001 1 0.1 0.01 838
2 64 1 1 1 64 0.001 1 0.1 0.05 839
2 64 1 1 1 64 0.001 1 0.5 0.001 840
2 64 1 1 1 64 0.001 1 0.5 0.01 841
2 64 1 1 1 64 0.001 1 0.5 0.05 842
2 64 1 1 1 64 0.001 1 1 0.001 843
2 64 1 1 1 64 0.001 1 1 0.01 844
2 64 1 1 1 64 0.001 1 1 0.05 845
2 64 2 1 0 64 0.001 1 0.1 0.001 846
2 64 2 1 0 64 0.001 1 0.1 0.01 847
2 64 2 1 0 64 0.001 1 0.1 0.05 848
2 64 2 1 0 64 0.001 1 0.5 0.001 849
2 64 2 1 0 64 0.001 1 0.5 0.01 850
2 64 2 1 0 64 0.001 1 0.5 0.05 851
2 64 2 1 0 64 0.001 1 1 0.001 852
2 64 2 1 0 64 0.001 1 1 0.01 853
2 64 2 1 0 64 0.001 1 1 0.05 854
2 64 2 1 1 64 0.001 1 0.1 0.001 855
2 64 2 1 1 64 0.001 1 0.1 0.01 856
2 64 2 1 1 64 0.001 1 0.1 0.05 857
2 64 2 1 1 64 0.001 1 0.5 0.001 858
2 64 2 1 1 64 0.001 1 0.5 0.01 859
2 64 2 1 1 64 0.001 1 0.5 0.05 860
2 64 2 1 1 64 0.001 1 1 0.001 861
2 64 2 1 1 64 0.001 1 1 0.01 862
2 64 2 1 1 64 0.001 1 1 0.05 863
5 16 0 1 0 64 0.001 1 0.1 0.001 864
5 16 0 1 0 64 0.001 1 0.1 0.01 865
5 16 0 1 0 64 0.001 1 0.1 0.05 866
5 16 0 1 0 64 0.001 1 0.5 0.001 867
5 16 0 1 0 64 0.001 1 0.5 0.01 868
5 16 0 1 0 64 0.001 1 0.5 0.05 869
5 16 0 1 0 64 0.001 1 1 0.001 870
5 16 0 1 0 64 0.001 1 1 0.01 871
5 16 0 1 0 64 0.001 1 1 0.05 872
5 16 0 1 1 64 0.001 1 0.1 0.001 873
5 16 0 1 1 64 0.001 1 0.1 0.01 874
5 16 0 1 1 64 0.001 1 0.1 0.05 875
5 16 0 1 1 64 0.001 1 0.5 0.001 876
5 16 0 1 1 64 0.001 1 0.5 0.01 877
5 16 0 1 1 64 0.001 1 0.5 0.05 878
5 16 0 1 1 64 0.001 1 1 0.001 879
5 16 0 1 1 64 0.001 1 1 0.01 880
5 16 0 1 1 64 0.001 1 1 0.05 881
5 16 1 1 0 64 0.001 1 0.1 0.001 882
5 16 1 1 0 64 0.001 1 0.1 0.01 883
5 16 1 1 0 64 0.001 1 0.1 0.05 884
5 16 1 1 0 64 0.001 1 0.5 0.001 885
5 16 1 1 0 64 0.001 1 0.5 0.01 886
5 16 1 1 0 64 0.001 1 0.5 0.05 887
5 16 1 1 0 64 0.001 1 1 0.001 888
5 16 1 1 0 64 0.001 1 1 0.01 889
5 16 1 1 0 64 0.001 1 1 0.05 890
5 16 1 1 1 64 0.001 1 0.1 0.001 891
5 16 1 1 1 64 0.001 1 0.1 0.01 892
5 16 1 1 1 64 0.001 1 0.1 0.05 893
5 16 1 1 1 64 0.001 1 0.5 0.001 894
5 16 1 1 1 64 0.001 1 0.5 0.01 895
5 16 1 1 1 64 0.001 1 0.5 0.05 896
5 16 1 1 1 64 0.001 1 1 0.001 897
5 16 1 1 1 64 0.001 1 1 0.01 898
5 16 1 1 1 64 0.001 1 1 0.05 899
5 16 2 1 0 64 0.001 1 0.1 0.001 900
5 16 2 1 0 64 0.001 1 0.1 0.01 901
5 16 2 1 0 64 0.001 1 0.1 0.05 902
5 16 2 1 0 64 0.001 1 0.5 0.001 903
5 16 2 1 0 64 0.001 1 0.5 0.01 904
5 16 2 1 0 64 0.001 1 0.5 0.05 905
5 16 2 1 0 64 0.001 1 1 0.001 906
5 16 2 1 0 64 0.001 1 1 0.01 907
5 16 2 1 0 64 0.001 1 1 0.05 908
5 16 2 1 1 64 0.001 1 0.1 0.001 909
5 16 2 1 1 64 0.001 1 0.1 0.01 910
5 16 2 1 1 64 0.001 1 0.1 0.05 911
5 16 2 1 1 64 0.001 1 0.5 0.001 912
5 16 2 1 1 64 0.001 1 0.5 0.01 913
5 16 2 1 1 64 0.001 1 0.5 0.05 914
5 16 2 1 1 64 0.001 1 1 0.001 915
5 16 2 1 1 64 0.001 1 1 0.01 916
5 16 2 1 1 64 0.001 1 1 0.05 917
5 64 0 1 0 64 0.001 1 0.1 0.001 918
5 64 0 1 0 64 0.001 1 0.1 0.01 919
5 64 0 1 0 64 0.001 1 0.1 0.05 920
5 64 0 1 0 64 0.001 1 0.5 0.001 921
5 64 0 1 0 64 0.001 1 0.5 0.01 922
5 64 0 1 0 64 0.001 1 0.5 0.05 923
5 64 0 1 0 64 0.001 1 1 0.001 924
5 64 0 1 0 64 0.001 1 1 0.01 925
5 64 0 1 0 64 0.001 1 1 0.05 926
5 64 0 1 1 64 0.001 1 0.1 0.001 927
5 64 0 1 1 64 0.001 1 0.1 0.01 928
5 64 0 1 1 64 0.001 1 0.1 0.05 929
5 64 0 1 1 64 0.001 1 0.5 0.001 930
5 64 0 1 1 64 0.001 1 0.5 0.01 931
5 64 0 1 1 64 0.001 1 0.5 0.05 932
5 64 0 1 1 64 0.001 1 1 0.001 933
5 64 0 1 1 64 0.001 1 1 0.01 934
5 64 0 1 1 64 0.001 1 1 0.05 935
5 64 1 1 0 64 0.001 1 0.1 0.001 936
5 64 1 1 0 64 0.001 1 0.1 0.01 937
5 64 1 1 0 64 0.001 1 0.1 0.05 938
5 64 1 1 0 64 0.001 1 0.5 0.001 939
5 64 1 1 0 64 0.001 1 0.5 0.01 940
5 64 1 1 0 64 0.001 1 0.5 0.05 941
5 64 1 1 0 64 0.001 1 1 0.001 942
5 64 1 1 0 64 0.001 1 1 0.01 943
5 64 1 1 0 64 0.001 1 1 0.05 944
5 64 1 1 1 64 0.001 1 0.1 0.001 945
5 64 1 1 1 64 0.001 1 0.1 0.01 946
5 64 1 1 1 64 0.001 1 0.1 0.05 947
5 64 1 1 1 64 0.001 1 0.5 0.001 948
5 64 1 1 1 64 0.001 1 0.5 0.01 949
5 64 1 1 1 64 0.001 1 0.5 0.05 950
5 64 1 1 1 64 0.001 1 1 0.001 951
5 64 1 1 1 64 0.001 1 1 0.01 952
5 64 1 1 1 64 0.001 1 1 0.05 953
5 64 2 1 0 64 0.001 1 0.1 0.001 954
5 64 2 1 0 64 0.001 1 0.1 0.01 955
5 64 2 1 0 64 0.001 1 0.1 0.05 956
5 64 2 1 0 64 0.001 1 0.5 0.001 957
5 64 2 1 0 64 0.001 1 0.5 0.01 958
5 64 2 1 0 64 0.001 1 0.5 0.05 959
5 64 2 1 0 64 0.001 1 1 0.001 960
5 64 2 1 0 64 0.001 1 1 0.01 961
5 64 2 1 0 64 0.001 1 1 0.05 962
5 64 2 1 1 64 0.001 1 0.1 0.001 963
5 64 2 1 1 64 0.001 1 0.1 0.01 964
5 64 2 1 1 64 0.001 1 0.1 0.05 965
5 64 2 1 1 64 0.001 1 0.5 0.001 966
5 64 2 1 1 64 0.001 1 0.5 0.01 967
5 64 2 1 1 64 0.001 1 0.5 0.05 968
5 64 2 1 1 64 0.001 1 1 0.001 969
5 64 2 1 1 64 0.001 1 1 0.01 970
5 64 2 1 1 64 0.001 1 1 0.05 971
