1 16 0 2 1 16 0.001 1 1458
1 16 0 2 1 64 0.001 1 1459
1 16 2 2 1 16 0.001 1 1460
1 16 2 2 1 64 0.001 1 1461
1 32 0 2 1 16 0.001 1 1462
1 32 0 2 1 64 0.001 1 1463
1 32 2 2 1 16 0.001 1 1464
1 32 2 2 1 64 0.001 1 1465
1 64 0 2 1 16 0.001 1 1466
1 64 0 2 1 64 0.001 1 1467
1 64 2 2 1 16 0.001 1 1468
1 64 2 2 1 64 0.001 1 1469
2 16 0 2 1 16 0.001 1 1470
2 16 0 2 1 64 0.001 1 1471
2 16 2 2 1 16 0.001 1 1472
2 16 2 2 1 64 0.001 1 1473
2 32 0 2 1 16 0.001 1 1474
2 32 0 2 1 64 0.001 1 1475
2 32 2 2 1 16 0.001 1 1476
2 32 2 2 1 64 0.001 1 1477
2 64 0 2 1 16 0.001 1 1478
2 64 0 2 1 64 0.001 1 1479
2 64 2 2 1 16 0.001 1 1480
2 64 2 2 1 64 0.001 1 1481
5 16 0 2 1 16 0.001 1 1482
5 16 0 2 1 64 0.001 1 1483
5 16 2 2 1 16 0.001 1 1484
5 16 2 2 1 64 0.001 1 1485
5 32 0 2 1 16 0.001 1 1486
5 32 0 2 1 64 0.001 1 1487
5 32 2 2 1 16 0.001 1 1488
5 32 2 2 1 64 0.001 1 1489
5 64 0 2 1 16 0.001 1 1490
5 64 0 2 1 64 0.001 1 1491
5 64 2 2 1 16 0.001 1 1492
5 64 2 2 1 64 0.001 1 1493