1 16 0 0 0 16 0.0001 1 0
1 16 0 0 0 16 0.001 1 1
1 16 0 0 0 16 0.01 1 2
1 16 0 0 0 64 0.0001 1 3
1 16 0 0 0 64 0.001 1 4
1 16 0 0 0 64 0.01 1 5
1 16 0 0 1 16 0.0001 1 6
1 16 0 0 1 16 0.001 1 7
1 16 0 0 1 16 0.01 1 8
1 16 0 0 1 64 0.0001 1 9
1 16 0 0 1 64 0.001 1 10
1 16 0 0 1 64 0.01 1 11
1 16 0 0 2 16 0.0001 1 12
1 16 0 0 2 16 0.001 1 13
1 16 0 0 2 16 0.01 1 14
1 16 0 0 2 64 0.0001 1 15
1 16 0 0 2 64 0.001 1 16
1 16 0 0 2 64 0.01 1 17
1 16 0 1 0 16 0.0001 1 18
1 16 0 1 0 16 0.001 1 19
1 16 0 1 0 16 0.01 1 20
1 16 0 1 0 64 0.0001 1 21
1 16 0 1 0 64 0.001 1 22
1 16 0 1 0 64 0.01 1 23
1 16 0 1 1 16 0.0001 1 24
1 16 0 1 1 16 0.001 1 25
1 16 0 1 1 16 0.01 1 26
1 16 0 1 1 64 0.0001 1 27
1 16 0 1 1 64 0.001 1 28
1 16 0 1 1 64 0.01 1 29
1 16 0 1 2 16 0.0001 1 30
1 16 0 1 2 16 0.001 1 31
1 16 0 1 2 16 0.01 1 32
1 16 0 1 2 64 0.0001 1 33
1 16 0 1 2 64 0.001 1 34
1 16 0 1 2 64 0.01 1 35
1 16 0 2 0 16 0.0001 1 36
1 16 0 2 0 16 0.001 1 37
1 16 0 2 0 16 0.01 1 38
1 16 0 2 0 64 0.0001 1 39
1 16 0 2 0 64 0.001 1 40
1 16 0 2 0 64 0.01 1 41
1 16 0 2 1 16 0.0001 1 42
1 16 0 2 1 16 0.001 1 43
1 16 0 2 1 16 0.01 1 44
1 16 0 2 1 64 0.0001 1 45
1 16 0 2 1 64 0.001 1 46
1 16 0 2 1 64 0.01 1 47
1 16 0 2 2 16 0.0001 1 48
1 16 0 2 2 16 0.001 1 49
1 16 0 2 2 16 0.01 1 50
1 16 0 2 2 64 0.0001 1 51
1 16 0 2 2 64 0.001 1 52
1 16 0 2 2 64 0.01 1 53
1 16 1 0 0 16 0.0001 1 54
1 16 1 0 0 16 0.001 1 55
1 16 1 0 0 16 0.01 1 56
1 16 1 0 0 64 0.0001 1 57
1 16 1 0 0 64 0.001 1 58
1 16 1 0 0 64 0.01 1 59
1 16 1 0 1 16 0.0001 1 60
1 16 1 0 1 16 0.001 1 61
1 16 1 0 1 16 0.01 1 62
1 16 1 0 1 64 0.0001 1 63
1 16 1 0 1 64 0.001 1 64
1 16 1 0 1 64 0.01 1 65
1 16 1 0 2 16 0.0001 1 66
1 16 1 0 2 16 0.001 1 67
1 16 1 0 2 16 0.01 1 68
1 16 1 0 2 64 0.0001 1 69
1 16 1 0 2 64 0.001 1 70
1 16 1 0 2 64 0.01 1 71
1 16 1 1 0 16 0.0001 1 72
1 16 1 1 0 16 0.001 1 73
1 16 1 1 0 16 0.01 1 74
1 16 1 1 0 64 0.0001 1 75
1 16 1 1 0 64 0.001 1 76
1 16 1 1 0 64 0.01 1 77
1 16 1 1 1 16 0.0001 1 78
1 16 1 1 1 16 0.001 1 79
1 16 1 1 1 16 0.01 1 80
1 16 1 1 1 64 0.0001 1 81
1 16 1 1 1 64 0.001 1 82
1 16 1 1 1 64 0.01 1 83
1 16 1 1 2 16 0.0001 1 84
1 16 1 1 2 16 0.001 1 85
1 16 1 1 2 16 0.01 1 86
1 16 1 1 2 64 0.0001 1 87
1 16 1 1 2 64 0.001 1 88
1 16 1 1 2 64 0.01 1 89
1 16 1 2 0 16 0.0001 1 90
1 16 1 2 0 16 0.001 1 91
1 16 1 2 0 16 0.01 1 92
1 16 1 2 0 64 0.0001 1 93
1 16 1 2 0 64 0.001 1 94
1 16 1 2 0 64 0.01 1 95
1 16 1 2 1 16 0.0001 1 96
1 16 1 2 1 16 0.001 1 97
1 16 1 2 1 16 0.01 1 98
1 16 1 2 1 64 0.0001 1 99
1 16 1 2 1 64 0.001 1 100
1 16 1 2 1 64 0.01 1 101
1 16 1 2 2 16 0.0001 1 102
1 16 1 2 2 16 0.001 1 103
1 16 1 2 2 16 0.01 1 104
1 16 1 2 2 64 0.0001 1 105
1 16 1 2 2 64 0.001 1 106
1 16 1 2 2 64 0.01 1 107
1 16 2 0 0 16 0.0001 1 108
1 16 2 0 0 16 0.001 1 109
1 16 2 0 0 16 0.01 1 110
1 16 2 0 0 64 0.0001 1 111
1 16 2 0 0 64 0.001 1 112
1 16 2 0 0 64 0.01 1 113
1 16 2 0 1 16 0.0001 1 114
1 16 2 0 1 16 0.001 1 115
1 16 2 0 1 16 0.01 1 116
1 16 2 0 1 64 0.0001 1 117
1 16 2 0 1 64 0.001 1 118
1 16 2 0 1 64 0.01 1 119
1 16 2 0 2 16 0.0001 1 120
1 16 2 0 2 16 0.001 1 121
1 16 2 0 2 16 0.01 1 122
1 16 2 0 2 64 0.0001 1 123
1 16 2 0 2 64 0.001 1 124
1 16 2 0 2 64 0.01 1 125
1 16 2 1 0 16 0.0001 1 126
1 16 2 1 0 16 0.001 1 127
1 16 2 1 0 16 0.01 1 128
1 16 2 1 0 64 0.0001 1 129
1 16 2 1 0 64 0.001 1 130
1 16 2 1 0 64 0.01 1 131
1 16 2 1 1 16 0.0001 1 132
1 16 2 1 1 16 0.001 1 133
1 16 2 1 1 16 0.01 1 134
1 16 2 1 1 64 0.0001 1 135
1 16 2 1 1 64 0.001 1 136
1 16 2 1 1 64 0.01 1 137
1 16 2 1 2 16 0.0001 1 138
1 16 2 1 2 16 0.001 1 139
1 16 2 1 2 16 0.01 1 140
1 16 2 1 2 64 0.0001 1 141
1 16 2 1 2 64 0.001 1 142
1 16 2 1 2 64 0.01 1 143
1 16 2 2 0 16 0.0001 1 144
1 16 2 2 0 16 0.001 1 145
1 16 2 2 0 16 0.01 1 146
1 16 2 2 0 64 0.0001 1 147
1 16 2 2 0 64 0.001 1 148
1 16 2 2 0 64 0.01 1 149
1 16 2 2 1 16 0.0001 1 150
1 16 2 2 1 16 0.001 1 151
1 16 2 2 1 16 0.01 1 152
1 16 2 2 1 64 0.0001 1 153
1 16 2 2 1 64 0.001 1 154
1 16 2 2 1 64 0.01 1 155
1 16 2 2 2 16 0.0001 1 156
1 16 2 2 2 16 0.001 1 157
1 16 2 2 2 16 0.01 1 158
1 16 2 2 2 64 0.0001 1 159
1 16 2 2 2 64 0.001 1 160
1 16 2 2 2 64 0.01 1 161
1 32 0 0 0 16 0.0001 1 162
1 32 0 0 0 16 0.001 1 163
1 32 0 0 0 16 0.01 1 164
1 32 0 0 0 64 0.0001 1 165
1 32 0 0 0 64 0.001 1 166
1 32 0 0 0 64 0.01 1 167
1 32 0 0 1 16 0.0001 1 168
1 32 0 0 1 16 0.001 1 169
1 32 0 0 1 16 0.01 1 170
1 32 0 0 1 64 0.0001 1 171
1 32 0 0 1 64 0.001 1 172
1 32 0 0 1 64 0.01 1 173
1 32 0 0 2 16 0.0001 1 174
1 32 0 0 2 16 0.001 1 175
1 32 0 0 2 16 0.01 1 176
1 32 0 0 2 64 0.0001 1 177
1 32 0 0 2 64 0.001 1 178
1 32 0 0 2 64 0.01 1 179
1 32 0 1 0 16 0.0001 1 180
1 32 0 1 0 16 0.001 1 181
1 32 0 1 0 16 0.01 1 182
1 32 0 1 0 64 0.0001 1 183
1 32 0 1 0 64 0.001 1 184
1 32 0 1 0 64 0.01 1 185
1 32 0 1 1 16 0.0001 1 186
1 32 0 1 1 16 0.001 1 187
1 32 0 1 1 16 0.01 1 188
1 32 0 1 1 64 0.0001 1 189
1 32 0 1 1 64 0.001 1 190
1 32 0 1 1 64 0.01 1 191
1 32 0 1 2 16 0.0001 1 192
1 32 0 1 2 16 0.001 1 193
1 32 0 1 2 16 0.01 1 194
1 32 0 1 2 64 0.0001 1 195
1 32 0 1 2 64 0.001 1 196
1 32 0 1 2 64 0.01 1 197
1 32 0 2 0 16 0.0001 1 198
1 32 0 2 0 16 0.001 1 199
1 32 0 2 0 16 0.01 1 200
1 32 0 2 0 64 0.0001 1 201
1 32 0 2 0 64 0.001 1 202
1 32 0 2 0 64 0.01 1 203
1 32 0 2 1 16 0.0001 1 204
1 32 0 2 1 16 0.001 1 205
1 32 0 2 1 16 0.01 1 206
1 32 0 2 1 64 0.0001 1 207
1 32 0 2 1 64 0.001 1 208
1 32 0 2 1 64 0.01 1 209
1 32 0 2 2 16 0.0001 1 210
1 32 0 2 2 16 0.001 1 211
1 32 0 2 2 16 0.01 1 212
1 32 0 2 2 64 0.0001 1 213
1 32 0 2 2 64 0.001 1 214
1 32 0 2 2 64 0.01 1 215
1 32 1 0 0 16 0.0001 1 216
1 32 1 0 0 16 0.001 1 217
1 32 1 0 0 16 0.01 1 218
1 32 1 0 0 64 0.0001 1 219
1 32 1 0 0 64 0.001 1 220
1 32 1 0 0 64 0.01 1 221
1 32 1 0 1 16 0.0001 1 222
1 32 1 0 1 16 0.001 1 223
1 32 1 0 1 16 0.01 1 224
1 32 1 0 1 64 0.0001 1 225
1 32 1 0 1 64 0.001 1 226
1 32 1 0 1 64 0.01 1 227
1 32 1 0 2 16 0.0001 1 228
1 32 1 0 2 16 0.001 1 229
1 32 1 0 2 16 0.01 1 230
1 32 1 0 2 64 0.0001 1 231
1 32 1 0 2 64 0.001 1 232
1 32 1 0 2 64 0.01 1 233
1 32 1 1 0 16 0.0001 1 234
1 32 1 1 0 16 0.001 1 235
1 32 1 1 0 16 0.01 1 236
1 32 1 1 0 64 0.0001 1 237
1 32 1 1 0 64 0.001 1 238
1 32 1 1 0 64 0.01 1 239
1 32 1 1 1 16 0.0001 1 240
1 32 1 1 1 16 0.001 1 241
1 32 1 1 1 16 0.01 1 242
1 32 1 1 1 64 0.0001 1 243
1 32 1 1 1 64 0.001 1 244
1 32 1 1 1 64 0.01 1 245
1 32 1 1 2 16 0.0001 1 246
1 32 1 1 2 16 0.001 1 247
1 32 1 1 2 16 0.01 1 248
1 32 1 1 2 64 0.0001 1 249
1 32 1 1 2 64 0.001 1 250
1 32 1 1 2 64 0.01 1 251
1 32 1 2 0 16 0.0001 1 252
1 32 1 2 0 16 0.001 1 253
1 32 1 2 0 16 0.01 1 254
1 32 1 2 0 64 0.0001 1 255
1 32 1 2 0 64 0.001 1 256
1 32 1 2 0 64 0.01 1 257
1 32 1 2 1 16 0.0001 1 258
1 32 1 2 1 16 0.001 1 259
1 32 1 2 1 16 0.01 1 260
1 32 1 2 1 64 0.0001 1 261
1 32 1 2 1 64 0.001 1 262
1 32 1 2 1 64 0.01 1 263
1 32 1 2 2 16 0.0001 1 264
1 32 1 2 2 16 0.001 1 265
1 32 1 2 2 16 0.01 1 266
1 32 1 2 2 64 0.0001 1 267
1 32 1 2 2 64 0.001 1 268
1 32 1 2 2 64 0.01 1 269
1 32 2 0 0 16 0.0001 1 270
1 32 2 0 0 16 0.001 1 271
1 32 2 0 0 16 0.01 1 272
1 32 2 0 0 64 0.0001 1 273
1 32 2 0 0 64 0.001 1 274
1 32 2 0 0 64 0.01 1 275
1 32 2 0 1 16 0.0001 1 276
1 32 2 0 1 16 0.001 1 277
1 32 2 0 1 16 0.01 1 278
1 32 2 0 1 64 0.0001 1 279
1 32 2 0 1 64 0.001 1 280
1 32 2 0 1 64 0.01 1 281
1 32 2 0 2 16 0.0001 1 282
1 32 2 0 2 16 0.001 1 283
1 32 2 0 2 16 0.01 1 284
1 32 2 0 2 64 0.0001 1 285
1 32 2 0 2 64 0.001 1 286
1 32 2 0 2 64 0.01 1 287
1 32 2 1 0 16 0.0001 1 288
1 32 2 1 0 16 0.001 1 289
1 32 2 1 0 16 0.01 1 290
1 32 2 1 0 64 0.0001 1 291
1 32 2 1 0 64 0.001 1 292
1 32 2 1 0 64 0.01 1 293
1 32 2 1 1 16 0.0001 1 294
1 32 2 1 1 16 0.001 1 295
1 32 2 1 1 16 0.01 1 296
1 32 2 1 1 64 0.0001 1 297
1 32 2 1 1 64 0.001 1 298
1 32 2 1 1 64 0.01 1 299
1 32 2 1 2 16 0.0001 1 300
1 32 2 1 2 16 0.001 1 301
1 32 2 1 2 16 0.01 1 302
1 32 2 1 2 64 0.0001 1 303
1 32 2 1 2 64 0.001 1 304
1 32 2 1 2 64 0.01 1 305
1 32 2 2 0 16 0.0001 1 306
1 32 2 2 0 16 0.001 1 307
1 32 2 2 0 16 0.01 1 308
1 32 2 2 0 64 0.0001 1 309
1 32 2 2 0 64 0.001 1 310
1 32 2 2 0 64 0.01 1 311
1 32 2 2 1 16 0.0001 1 312
1 32 2 2 1 16 0.001 1 313
1 32 2 2 1 16 0.01 1 314
1 32 2 2 1 64 0.0001 1 315
1 32 2 2 1 64 0.001 1 316
1 32 2 2 1 64 0.01 1 317
1 32 2 2 2 16 0.0001 1 318
1 32 2 2 2 16 0.001 1 319
1 32 2 2 2 16 0.01 1 320
1 32 2 2 2 64 0.0001 1 321
1 32 2 2 2 64 0.001 1 322
1 32 2 2 2 64 0.01 1 323
1 64 0 0 0 16 0.0001 1 324
1 64 0 0 0 16 0.001 1 325
1 64 0 0 0 16 0.01 1 326
1 64 0 0 0 64 0.0001 1 327
1 64 0 0 0 64 0.001 1 328
1 64 0 0 0 64 0.01 1 329
1 64 0 0 1 16 0.0001 1 330
1 64 0 0 1 16 0.001 1 331
1 64 0 0 1 16 0.01 1 332
1 64 0 0 1 64 0.0001 1 333
1 64 0 0 1 64 0.001 1 334
1 64 0 0 1 64 0.01 1 335
1 64 0 0 2 16 0.0001 1 336
1 64 0 0 2 16 0.001 1 337
1 64 0 0 2 16 0.01 1 338
1 64 0 0 2 64 0.0001 1 339
1 64 0 0 2 64 0.001 1 340
1 64 0 0 2 64 0.01 1 341
1 64 0 1 0 16 0.0001 1 342
1 64 0 1 0 16 0.001 1 343
1 64 0 1 0 16 0.01 1 344
1 64 0 1 0 64 0.0001 1 345
1 64 0 1 0 64 0.001 1 346
1 64 0 1 0 64 0.01 1 347
1 64 0 1 1 16 0.0001 1 348
1 64 0 1 1 16 0.001 1 349
1 64 0 1 1 16 0.01 1 350
1 64 0 1 1 64 0.0001 1 351
1 64 0 1 1 64 0.001 1 352
1 64 0 1 1 64 0.01 1 353
1 64 0 1 2 16 0.0001 1 354
1 64 0 1 2 16 0.001 1 355
1 64 0 1 2 16 0.01 1 356
1 64 0 1 2 64 0.0001 1 357
1 64 0 1 2 64 0.001 1 358
1 64 0 1 2 64 0.01 1 359
1 64 0 2 0 16 0.0001 1 360
1 64 0 2 0 16 0.001 1 361
1 64 0 2 0 16 0.01 1 362
1 64 0 2 0 64 0.0001 1 363
1 64 0 2 0 64 0.001 1 364
1 64 0 2 0 64 0.01 1 365
1 64 0 2 1 16 0.0001 1 366
1 64 0 2 1 16 0.001 1 367
1 64 0 2 1 16 0.01 1 368
1 64 0 2 1 64 0.0001 1 369
1 64 0 2 1 64 0.001 1 370
1 64 0 2 1 64 0.01 1 371
1 64 0 2 2 16 0.0001 1 372
1 64 0 2 2 16 0.001 1 373
1 64 0 2 2 16 0.01 1 374
1 64 0 2 2 64 0.0001 1 375
1 64 0 2 2 64 0.001 1 376
1 64 0 2 2 64 0.01 1 377
1 64 1 0 0 16 0.0001 1 378
1 64 1 0 0 16 0.001 1 379
1 64 1 0 0 16 0.01 1 380
1 64 1 0 0 64 0.0001 1 381
1 64 1 0 0 64 0.001 1 382
1 64 1 0 0 64 0.01 1 383
1 64 1 0 1 16 0.0001 1 384
1 64 1 0 1 16 0.001 1 385
1 64 1 0 1 16 0.01 1 386
1 64 1 0 1 64 0.0001 1 387
1 64 1 0 1 64 0.001 1 388
1 64 1 0 1 64 0.01 1 389
1 64 1 0 2 16 0.0001 1 390
1 64 1 0 2 16 0.001 1 391
1 64 1 0 2 16 0.01 1 392
1 64 1 0 2 64 0.0001 1 393
1 64 1 0 2 64 0.001 1 394
1 64 1 0 2 64 0.01 1 395
1 64 1 1 0 16 0.0001 1 396
1 64 1 1 0 16 0.001 1 397
1 64 1 1 0 16 0.01 1 398
1 64 1 1 0 64 0.0001 1 399
1 64 1 1 0 64 0.001 1 400
1 64 1 1 0 64 0.01 1 401
1 64 1 1 1 16 0.0001 1 402
1 64 1 1 1 16 0.001 1 403
1 64 1 1 1 16 0.01 1 404
1 64 1 1 1 64 0.0001 1 405
1 64 1 1 1 64 0.001 1 406
1 64 1 1 1 64 0.01 1 407
1 64 1 1 2 16 0.0001 1 408
1 64 1 1 2 16 0.001 1 409
1 64 1 1 2 16 0.01 1 410
1 64 1 1 2 64 0.0001 1 411
1 64 1 1 2 64 0.001 1 412
1 64 1 1 2 64 0.01 1 413
1 64 1 2 0 16 0.0001 1 414
1 64 1 2 0 16 0.001 1 415
1 64 1 2 0 16 0.01 1 416
1 64 1 2 0 64 0.0001 1 417
1 64 1 2 0 64 0.001 1 418
1 64 1 2 0 64 0.01 1 419
1 64 1 2 1 16 0.0001 1 420
1 64 1 2 1 16 0.001 1 421
1 64 1 2 1 16 0.01 1 422
1 64 1 2 1 64 0.0001 1 423
1 64 1 2 1 64 0.001 1 424
1 64 1 2 1 64 0.01 1 425
1 64 1 2 2 16 0.0001 1 426
1 64 1 2 2 16 0.001 1 427
1 64 1 2 2 16 0.01 1 428
1 64 1 2 2 64 0.0001 1 429
1 64 1 2 2 64 0.001 1 430
1 64 1 2 2 64 0.01 1 431
1 64 2 0 0 16 0.0001 1 432
1 64 2 0 0 16 0.001 1 433
1 64 2 0 0 16 0.01 1 434
1 64 2 0 0 64 0.0001 1 435
1 64 2 0 0 64 0.001 1 436
1 64 2 0 0 64 0.01 1 437
1 64 2 0 1 16 0.0001 1 438
1 64 2 0 1 16 0.001 1 439
1 64 2 0 1 16 0.01 1 440
1 64 2 0 1 64 0.0001 1 441
1 64 2 0 1 64 0.001 1 442
1 64 2 0 1 64 0.01 1 443
1 64 2 0 2 16 0.0001 1 444
1 64 2 0 2 16 0.001 1 445
1 64 2 0 2 16 0.01 1 446
1 64 2 0 2 64 0.0001 1 447
1 64 2 0 2 64 0.001 1 448
1 64 2 0 2 64 0.01 1 449
1 64 2 1 0 16 0.0001 1 450
1 64 2 1 0 16 0.001 1 451
1 64 2 1 0 16 0.01 1 452
1 64 2 1 0 64 0.0001 1 453
1 64 2 1 0 64 0.001 1 454
1 64 2 1 0 64 0.01 1 455
1 64 2 1 1 16 0.0001 1 456
1 64 2 1 1 16 0.001 1 457
1 64 2 1 1 16 0.01 1 458
1 64 2 1 1 64 0.0001 1 459
1 64 2 1 1 64 0.001 1 460
1 64 2 1 1 64 0.01 1 461
1 64 2 1 2 16 0.0001 1 462
1 64 2 1 2 16 0.001 1 463
1 64 2 1 2 16 0.01 1 464
1 64 2 1 2 64 0.0001 1 465
1 64 2 1 2 64 0.001 1 466
1 64 2 1 2 64 0.01 1 467
1 64 2 2 0 16 0.0001 1 468
1 64 2 2 0 16 0.001 1 469
1 64 2 2 0 16 0.01 1 470
1 64 2 2 0 64 0.0001 1 471
1 64 2 2 0 64 0.001 1 472
1 64 2 2 0 64 0.01 1 473
1 64 2 2 1 16 0.0001 1 474
1 64 2 2 1 16 0.001 1 475
1 64 2 2 1 16 0.01 1 476
1 64 2 2 1 64 0.0001 1 477
1 64 2 2 1 64 0.001 1 478
1 64 2 2 1 64 0.01 1 479
1 64 2 2 2 16 0.0001 1 480
1 64 2 2 2 16 0.001 1 481
1 64 2 2 2 16 0.01 1 482
1 64 2 2 2 64 0.0001 1 483
1 64 2 2 2 64 0.001 1 484
1 64 2 2 2 64 0.01 1 485
2 16 0 0 0 16 0.0001 1 486
2 16 0 0 0 16 0.001 1 487
2 16 0 0 0 16 0.01 1 488
2 16 0 0 0 64 0.0001 1 489
2 16 0 0 0 64 0.001 1 490
2 16 0 0 0 64 0.01 1 491
2 16 0 0 1 16 0.0001 1 492
2 16 0 0 1 16 0.001 1 493
2 16 0 0 1 16 0.01 1 494
2 16 0 0 1 64 0.0001 1 495
2 16 0 0 1 64 0.001 1 496
2 16 0 0 1 64 0.01 1 497
2 16 0 0 2 16 0.0001 1 498
2 16 0 0 2 16 0.001 1 499
2 16 0 0 2 16 0.01 1 500
2 16 0 0 2 64 0.0001 1 501
2 16 0 0 2 64 0.001 1 502
2 16 0 0 2 64 0.01 1 503
2 16 0 1 0 16 0.0001 1 504
2 16 0 1 0 16 0.001 1 505
2 16 0 1 0 16 0.01 1 506
2 16 0 1 0 64 0.0001 1 507
2 16 0 1 0 64 0.001 1 508
2 16 0 1 0 64 0.01 1 509
2 16 0 1 1 16 0.0001 1 510
2 16 0 1 1 16 0.001 1 511
2 16 0 1 1 16 0.01 1 512
2 16 0 1 1 64 0.0001 1 513
2 16 0 1 1 64 0.001 1 514
2 16 0 1 1 64 0.01 1 515
2 16 0 1 2 16 0.0001 1 516
2 16 0 1 2 16 0.001 1 517
2 16 0 1 2 16 0.01 1 518
2 16 0 1 2 64 0.0001 1 519
2 16 0 1 2 64 0.001 1 520
2 16 0 1 2 64 0.01 1 521
2 16 0 2 0 16 0.0001 1 522
2 16 0 2 0 16 0.001 1 523
2 16 0 2 0 16 0.01 1 524
2 16 0 2 0 64 0.0001 1 525
2 16 0 2 0 64 0.001 1 526
2 16 0 2 0 64 0.01 1 527
2 16 0 2 1 16 0.0001 1 528
2 16 0 2 1 16 0.001 1 529
2 16 0 2 1 16 0.01 1 530
2 16 0 2 1 64 0.0001 1 531
2 16 0 2 1 64 0.001 1 532
2 16 0 2 1 64 0.01 1 533
2 16 0 2 2 16 0.0001 1 534
2 16 0 2 2 16 0.001 1 535
2 16 0 2 2 16 0.01 1 536
2 16 0 2 2 64 0.0001 1 537
2 16 0 2 2 64 0.001 1 538
2 16 0 2 2 64 0.01 1 539
2 16 1 0 0 16 0.0001 1 540
2 16 1 0 0 16 0.001 1 541
2 16 1 0 0 16 0.01 1 542
2 16 1 0 0 64 0.0001 1 543
2 16 1 0 0 64 0.001 1 544
2 16 1 0 0 64 0.01 1 545
2 16 1 0 1 16 0.0001 1 546
2 16 1 0 1 16 0.001 1 547
2 16 1 0 1 16 0.01 1 548
2 16 1 0 1 64 0.0001 1 549
2 16 1 0 1 64 0.001 1 550
2 16 1 0 1 64 0.01 1 551
2 16 1 0 2 16 0.0001 1 552
2 16 1 0 2 16 0.001 1 553
2 16 1 0 2 16 0.01 1 554
2 16 1 0 2 64 0.0001 1 555
2 16 1 0 2 64 0.001 1 556
2 16 1 0 2 64 0.01 1 557
2 16 1 1 0 16 0.0001 1 558
2 16 1 1 0 16 0.001 1 559
2 16 1 1 0 16 0.01 1 560
2 16 1 1 0 64 0.0001 1 561
2 16 1 1 0 64 0.001 1 562
2 16 1 1 0 64 0.01 1 563
2 16 1 1 1 16 0.0001 1 564
2 16 1 1 1 16 0.001 1 565
2 16 1 1 1 16 0.01 1 566
2 16 1 1 1 64 0.0001 1 567
2 16 1 1 1 64 0.001 1 568
2 16 1 1 1 64 0.01 1 569
2 16 1 1 2 16 0.0001 1 570
2 16 1 1 2 16 0.001 1 571
2 16 1 1 2 16 0.01 1 572
2 16 1 1 2 64 0.0001 1 573
2 16 1 1 2 64 0.001 1 574
2 16 1 1 2 64 0.01 1 575
2 16 1 2 0 16 0.0001 1 576
2 16 1 2 0 16 0.001 1 577
2 16 1 2 0 16 0.01 1 578
2 16 1 2 0 64 0.0001 1 579
2 16 1 2 0 64 0.001 1 580
2 16 1 2 0 64 0.01 1 581
2 16 1 2 1 16 0.0001 1 582
2 16 1 2 1 16 0.001 1 583
2 16 1 2 1 16 0.01 1 584
2 16 1 2 1 64 0.0001 1 585
2 16 1 2 1 64 0.001 1 586
2 16 1 2 1 64 0.01 1 587
2 16 1 2 2 16 0.0001 1 588
2 16 1 2 2 16 0.001 1 589
2 16 1 2 2 16 0.01 1 590
2 16 1 2 2 64 0.0001 1 591
2 16 1 2 2 64 0.001 1 592
2 16 1 2 2 64 0.01 1 593
2 16 2 0 0 16 0.0001 1 594
2 16 2 0 0 16 0.001 1 595
2 16 2 0 0 16 0.01 1 596
2 16 2 0 0 64 0.0001 1 597
2 16 2 0 0 64 0.001 1 598
2 16 2 0 0 64 0.01 1 599
2 16 2 0 1 16 0.0001 1 600
2 16 2 0 1 16 0.001 1 601
2 16 2 0 1 16 0.01 1 602
2 16 2 0 1 64 0.0001 1 603
2 16 2 0 1 64 0.001 1 604
2 16 2 0 1 64 0.01 1 605
2 16 2 0 2 16 0.0001 1 606
2 16 2 0 2 16 0.001 1 607
2 16 2 0 2 16 0.01 1 608
2 16 2 0 2 64 0.0001 1 609
2 16 2 0 2 64 0.001 1 610
2 16 2 0 2 64 0.01 1 611
2 16 2 1 0 16 0.0001 1 612
2 16 2 1 0 16 0.001 1 613
2 16 2 1 0 16 0.01 1 614
2 16 2 1 0 64 0.0001 1 615
2 16 2 1 0 64 0.001 1 616
2 16 2 1 0 64 0.01 1 617
2 16 2 1 1 16 0.0001 1 618
2 16 2 1 1 16 0.001 1 619
2 16 2 1 1 16 0.01 1 620
2 16 2 1 1 64 0.0001 1 621
2 16 2 1 1 64 0.001 1 622
2 16 2 1 1 64 0.01 1 623
2 16 2 1 2 16 0.0001 1 624
2 16 2 1 2 16 0.001 1 625
2 16 2 1 2 16 0.01 1 626
2 16 2 1 2 64 0.0001 1 627
2 16 2 1 2 64 0.001 1 628
2 16 2 1 2 64 0.01 1 629
2 16 2 2 0 16 0.0001 1 630
2 16 2 2 0 16 0.001 1 631
2 16 2 2 0 16 0.01 1 632
2 16 2 2 0 64 0.0001 1 633
2 16 2 2 0 64 0.001 1 634
2 16 2 2 0 64 0.01 1 635
2 16 2 2 1 16 0.0001 1 636
2 16 2 2 1 16 0.001 1 637
2 16 2 2 1 16 0.01 1 638
2 16 2 2 1 64 0.0001 1 639
2 16 2 2 1 64 0.001 1 640
2 16 2 2 1 64 0.01 1 641
2 16 2 2 2 16 0.0001 1 642
2 16 2 2 2 16 0.001 1 643
2 16 2 2 2 16 0.01 1 644
2 16 2 2 2 64 0.0001 1 645
2 16 2 2 2 64 0.001 1 646
2 16 2 2 2 64 0.01 1 647
2 32 0 0 0 16 0.0001 1 648
2 32 0 0 0 16 0.001 1 649
2 32 0 0 0 16 0.01 1 650
2 32 0 0 0 64 0.0001 1 651
2 32 0 0 0 64 0.001 1 652
2 32 0 0 0 64 0.01 1 653
2 32 0 0 1 16 0.0001 1 654
2 32 0 0 1 16 0.001 1 655
2 32 0 0 1 16 0.01 1 656
2 32 0 0 1 64 0.0001 1 657
2 32 0 0 1 64 0.001 1 658
2 32 0 0 1 64 0.01 1 659
2 32 0 0 2 16 0.0001 1 660
2 32 0 0 2 16 0.001 1 661
2 32 0 0 2 16 0.01 1 662
2 32 0 0 2 64 0.0001 1 663
2 32 0 0 2 64 0.001 1 664
2 32 0 0 2 64 0.01 1 665
2 32 0 1 0 16 0.0001 1 666
2 32 0 1 0 16 0.001 1 667
2 32 0 1 0 16 0.01 1 668
2 32 0 1 0 64 0.0001 1 669
2 32 0 1 0 64 0.001 1 670
2 32 0 1 0 64 0.01 1 671
2 32 0 1 1 16 0.0001 1 672
2 32 0 1 1 16 0.001 1 673
2 32 0 1 1 16 0.01 1 674
2 32 0 1 1 64 0.0001 1 675
2 32 0 1 1 64 0.001 1 676
2 32 0 1 1 64 0.01 1 677
2 32 0 1 2 16 0.0001 1 678
2 32 0 1 2 16 0.001 1 679
2 32 0 1 2 16 0.01 1 680
2 32 0 1 2 64 0.0001 1 681
2 32 0 1 2 64 0.001 1 682
2 32 0 1 2 64 0.01 1 683
2 32 0 2 0 16 0.0001 1 684
2 32 0 2 0 16 0.001 1 685
2 32 0 2 0 16 0.01 1 686
2 32 0 2 0 64 0.0001 1 687
2 32 0 2 0 64 0.001 1 688
2 32 0 2 0 64 0.01 1 689
2 32 0 2 1 16 0.0001 1 690
2 32 0 2 1 16 0.001 1 691
2 32 0 2 1 16 0.01 1 692
2 32 0 2 1 64 0.0001 1 693
2 32 0 2 1 64 0.001 1 694
2 32 0 2 1 64 0.01 1 695
2 32 0 2 2 16 0.0001 1 696
2 32 0 2 2 16 0.001 1 697
2 32 0 2 2 16 0.01 1 698
2 32 0 2 2 64 0.0001 1 699
2 32 0 2 2 64 0.001 1 700
2 32 0 2 2 64 0.01 1 701
2 32 1 0 0 16 0.0001 1 702
2 32 1 0 0 16 0.001 1 703
2 32 1 0 0 16 0.01 1 704
2 32 1 0 0 64 0.0001 1 705
2 32 1 0 0 64 0.001 1 706
2 32 1 0 0 64 0.01 1 707
2 32 1 0 1 16 0.0001 1 708
2 32 1 0 1 16 0.001 1 709
2 32 1 0 1 16 0.01 1 710
2 32 1 0 1 64 0.0001 1 711
2 32 1 0 1 64 0.001 1 712
2 32 1 0 1 64 0.01 1 713
2 32 1 0 2 16 0.0001 1 714
2 32 1 0 2 16 0.001 1 715
2 32 1 0 2 16 0.01 1 716
2 32 1 0 2 64 0.0001 1 717
2 32 1 0 2 64 0.001 1 718
2 32 1 0 2 64 0.01 1 719
2 32 1 1 0 16 0.0001 1 720
2 32 1 1 0 16 0.001 1 721
2 32 1 1 0 16 0.01 1 722
2 32 1 1 0 64 0.0001 1 723
2 32 1 1 0 64 0.001 1 724
2 32 1 1 0 64 0.01 1 725
2 32 1 1 1 16 0.0001 1 726
2 32 1 1 1 16 0.001 1 727
2 32 1 1 1 16 0.01 1 728
2 32 1 1 1 64 0.0001 1 729
2 32 1 1 1 64 0.001 1 730
2 32 1 1 1 64 0.01 1 731
2 32 1 1 2 16 0.0001 1 732
2 32 1 1 2 16 0.001 1 733
2 32 1 1 2 16 0.01 1 734
2 32 1 1 2 64 0.0001 1 735
2 32 1 1 2 64 0.001 1 736
2 32 1 1 2 64 0.01 1 737
2 32 1 2 0 16 0.0001 1 738
2 32 1 2 0 16 0.001 1 739
2 32 1 2 0 16 0.01 1 740
2 32 1 2 0 64 0.0001 1 741
2 32 1 2 0 64 0.001 1 742
2 32 1 2 0 64 0.01 1 743
2 32 1 2 1 16 0.0001 1 744
2 32 1 2 1 16 0.001 1 745
2 32 1 2 1 16 0.01 1 746
2 32 1 2 1 64 0.0001 1 747
2 32 1 2 1 64 0.001 1 748
2 32 1 2 1 64 0.01 1 749
2 32 1 2 2 16 0.0001 1 750
2 32 1 2 2 16 0.001 1 751
2 32 1 2 2 16 0.01 1 752
2 32 1 2 2 64 0.0001 1 753
2 32 1 2 2 64 0.001 1 754
2 32 1 2 2 64 0.01 1 755
2 32 2 0 0 16 0.0001 1 756
2 32 2 0 0 16 0.001 1 757
2 32 2 0 0 16 0.01 1 758
2 32 2 0 0 64 0.0001 1 759
2 32 2 0 0 64 0.001 1 760
2 32 2 0 0 64 0.01 1 761
2 32 2 0 1 16 0.0001 1 762
2 32 2 0 1 16 0.001 1 763
2 32 2 0 1 16 0.01 1 764
2 32 2 0 1 64 0.0001 1 765
2 32 2 0 1 64 0.001 1 766
2 32 2 0 1 64 0.01 1 767
2 32 2 0 2 16 0.0001 1 768
2 32 2 0 2 16 0.001 1 769
2 32 2 0 2 16 0.01 1 770
2 32 2 0 2 64 0.0001 1 771
2 32 2 0 2 64 0.001 1 772
2 32 2 0 2 64 0.01 1 773
2 32 2 1 0 16 0.0001 1 774
2 32 2 1 0 16 0.001 1 775
2 32 2 1 0 16 0.01 1 776
2 32 2 1 0 64 0.0001 1 777
2 32 2 1 0 64 0.001 1 778
2 32 2 1 0 64 0.01 1 779
2 32 2 1 1 16 0.0001 1 780
2 32 2 1 1 16 0.001 1 781
2 32 2 1 1 16 0.01 1 782
2 32 2 1 1 64 0.0001 1 783
2 32 2 1 1 64 0.001 1 784
2 32 2 1 1 64 0.01 1 785
2 32 2 1 2 16 0.0001 1 786
2 32 2 1 2 16 0.001 1 787
2 32 2 1 2 16 0.01 1 788
2 32 2 1 2 64 0.0001 1 789
2 32 2 1 2 64 0.001 1 790
2 32 2 1 2 64 0.01 1 791
2 32 2 2 0 16 0.0001 1 792
2 32 2 2 0 16 0.001 1 793
2 32 2 2 0 16 0.01 1 794
2 32 2 2 0 64 0.0001 1 795
2 32 2 2 0 64 0.001 1 796
2 32 2 2 0 64 0.01 1 797
2 32 2 2 1 16 0.0001 1 798
2 32 2 2 1 16 0.001 1 799
2 32 2 2 1 16 0.01 1 800
2 32 2 2 1 64 0.0001 1 801
2 32 2 2 1 64 0.001 1 802
2 32 2 2 1 64 0.01 1 803
2 32 2 2 2 16 0.0001 1 804
2 32 2 2 2 16 0.001 1 805
2 32 2 2 2 16 0.01 1 806
2 32 2 2 2 64 0.0001 1 807
2 32 2 2 2 64 0.001 1 808
2 32 2 2 2 64 0.01 1 809
2 64 0 0 0 16 0.0001 1 810
2 64 0 0 0 16 0.001 1 811
2 64 0 0 0 16 0.01 1 812
2 64 0 0 0 64 0.0001 1 813
2 64 0 0 0 64 0.001 1 814
2 64 0 0 0 64 0.01 1 815
2 64 0 0 1 16 0.0001 1 816
2 64 0 0 1 16 0.001 1 817
2 64 0 0 1 16 0.01 1 818
2 64 0 0 1 64 0.0001 1 819
2 64 0 0 1 64 0.001 1 820
2 64 0 0 1 64 0.01 1 821
2 64 0 0 2 16 0.0001 1 822
2 64 0 0 2 16 0.001 1 823
2 64 0 0 2 16 0.01 1 824
2 64 0 0 2 64 0.0001 1 825
2 64 0 0 2 64 0.001 1 826
2 64 0 0 2 64 0.01 1 827
2 64 0 1 0 16 0.0001 1 828
2 64 0 1 0 16 0.001 1 829
2 64 0 1 0 16 0.01 1 830
2 64 0 1 0 64 0.0001 1 831
2 64 0 1 0 64 0.001 1 832
2 64 0 1 0 64 0.01 1 833
2 64 0 1 1 16 0.0001 1 834
2 64 0 1 1 16 0.001 1 835
2 64 0 1 1 16 0.01 1 836
2 64 0 1 1 64 0.0001 1 837
2 64 0 1 1 64 0.001 1 838
2 64 0 1 1 64 0.01 1 839
2 64 0 1 2 16 0.0001 1 840
2 64 0 1 2 16 0.001 1 841
2 64 0 1 2 16 0.01 1 842
2 64 0 1 2 64 0.0001 1 843
2 64 0 1 2 64 0.001 1 844
2 64 0 1 2 64 0.01 1 845
2 64 0 2 0 16 0.0001 1 846
2 64 0 2 0 16 0.001 1 847
2 64 0 2 0 16 0.01 1 848
2 64 0 2 0 64 0.0001 1 849
2 64 0 2 0 64 0.001 1 850
2 64 0 2 0 64 0.01 1 851
2 64 0 2 1 16 0.0001 1 852
2 64 0 2 1 16 0.001 1 853
2 64 0 2 1 16 0.01 1 854
2 64 0 2 1 64 0.0001 1 855
2 64 0 2 1 64 0.001 1 856
2 64 0 2 1 64 0.01 1 857
2 64 0 2 2 16 0.0001 1 858
2 64 0 2 2 16 0.001 1 859
2 64 0 2 2 16 0.01 1 860
2 64 0 2 2 64 0.0001 1 861
2 64 0 2 2 64 0.001 1 862
2 64 0 2 2 64 0.01 1 863
2 64 1 0 0 16 0.0001 1 864
2 64 1 0 0 16 0.001 1 865
2 64 1 0 0 16 0.01 1 866
2 64 1 0 0 64 0.0001 1 867
2 64 1 0 0 64 0.001 1 868
2 64 1 0 0 64 0.01 1 869
2 64 1 0 1 16 0.0001 1 870
2 64 1 0 1 16 0.001 1 871
2 64 1 0 1 16 0.01 1 872
2 64 1 0 1 64 0.0001 1 873
2 64 1 0 1 64 0.001 1 874
2 64 1 0 1 64 0.01 1 875
2 64 1 0 2 16 0.0001 1 876
2 64 1 0 2 16 0.001 1 877
2 64 1 0 2 16 0.01 1 878
2 64 1 0 2 64 0.0001 1 879
2 64 1 0 2 64 0.001 1 880
2 64 1 0 2 64 0.01 1 881
2 64 1 1 0 16 0.0001 1 882
2 64 1 1 0 16 0.001 1 883
2 64 1 1 0 16 0.01 1 884
2 64 1 1 0 64 0.0001 1 885
2 64 1 1 0 64 0.001 1 886
2 64 1 1 0 64 0.01 1 887
2 64 1 1 1 16 0.0001 1 888
2 64 1 1 1 16 0.001 1 889
2 64 1 1 1 16 0.01 1 890
2 64 1 1 1 64 0.0001 1 891
2 64 1 1 1 64 0.001 1 892
2 64 1 1 1 64 0.01 1 893
2 64 1 1 2 16 0.0001 1 894
2 64 1 1 2 16 0.001 1 895
2 64 1 1 2 16 0.01 1 896
2 64 1 1 2 64 0.0001 1 897
2 64 1 1 2 64 0.001 1 898
2 64 1 1 2 64 0.01 1 899
2 64 1 2 0 16 0.0001 1 900
2 64 1 2 0 16 0.001 1 901
2 64 1 2 0 16 0.01 1 902
2 64 1 2 0 64 0.0001 1 903
2 64 1 2 0 64 0.001 1 904
2 64 1 2 0 64 0.01 1 905
2 64 1 2 1 16 0.0001 1 906
2 64 1 2 1 16 0.001 1 907
2 64 1 2 1 16 0.01 1 908
2 64 1 2 1 64 0.0001 1 909
2 64 1 2 1 64 0.001 1 910
2 64 1 2 1 64 0.01 1 911
2 64 1 2 2 16 0.0001 1 912
2 64 1 2 2 16 0.001 1 913
2 64 1 2 2 16 0.01 1 914
2 64 1 2 2 64 0.0001 1 915
2 64 1 2 2 64 0.001 1 916
2 64 1 2 2 64 0.01 1 917
2 64 2 0 0 16 0.0001 1 918
2 64 2 0 0 16 0.001 1 919
2 64 2 0 0 16 0.01 1 920
2 64 2 0 0 64 0.0001 1 921
2 64 2 0 0 64 0.001 1 922
2 64 2 0 0 64 0.01 1 923
2 64 2 0 1 16 0.0001 1 924
2 64 2 0 1 16 0.001 1 925
2 64 2 0 1 16 0.01 1 926
2 64 2 0 1 64 0.0001 1 927
2 64 2 0 1 64 0.001 1 928
2 64 2 0 1 64 0.01 1 929
2 64 2 0 2 16 0.0001 1 930
2 64 2 0 2 16 0.001 1 931
2 64 2 0 2 16 0.01 1 932
2 64 2 0 2 64 0.0001 1 933
2 64 2 0 2 64 0.001 1 934
2 64 2 0 2 64 0.01 1 935
2 64 2 1 0 16 0.0001 1 936
2 64 2 1 0 16 0.001 1 937
2 64 2 1 0 16 0.01 1 938
2 64 2 1 0 64 0.0001 1 939
2 64 2 1 0 64 0.001 1 940
2 64 2 1 0 64 0.01 1 941
2 64 2 1 1 16 0.0001 1 942
2 64 2 1 1 16 0.001 1 943
2 64 2 1 1 16 0.01 1 944
2 64 2 1 1 64 0.0001 1 945
2 64 2 1 1 64 0.001 1 946
2 64 2 1 1 64 0.01 1 947
2 64 2 1 2 16 0.0001 1 948
2 64 2 1 2 16 0.001 1 949
2 64 2 1 2 16 0.01 1 950
2 64 2 1 2 64 0.0001 1 951
2 64 2 1 2 64 0.001 1 952
2 64 2 1 2 64 0.01 1 953
2 64 2 2 0 16 0.0001 1 954
2 64 2 2 0 16 0.001 1 955
2 64 2 2 0 16 0.01 1 956
2 64 2 2 0 64 0.0001 1 957
2 64 2 2 0 64 0.001 1 958
2 64 2 2 0 64 0.01 1 959
2 64 2 2 1 16 0.0001 1 960
2 64 2 2 1 16 0.001 1 961
2 64 2 2 1 16 0.01 1 962
2 64 2 2 1 64 0.0001 1 963
2 64 2 2 1 64 0.001 1 964
2 64 2 2 1 64 0.01 1 965
2 64 2 2 2 16 0.0001 1 966
2 64 2 2 2 16 0.001 1 967
2 64 2 2 2 16 0.01 1 968
2 64 2 2 2 64 0.0001 1 969
2 64 2 2 2 64 0.001 1 970
2 64 2 2 2 64 0.01 1 971
5 16 0 0 0 16 0.0001 1 972
5 16 0 0 0 16 0.001 1 973
5 16 0 0 0 16 0.01 1 974
5 16 0 0 0 64 0.0001 1 975
5 16 0 0 0 64 0.001 1 976
5 16 0 0 0 64 0.01 1 977
5 16 0 0 1 16 0.0001 1 978
5 16 0 0 1 16 0.001 1 979
5 16 0 0 1 16 0.01 1 980
5 16 0 0 1 64 0.0001 1 981
5 16 0 0 1 64 0.001 1 982
5 16 0 0 1 64 0.01 1 983
5 16 0 0 2 16 0.0001 1 984
5 16 0 0 2 16 0.001 1 985
5 16 0 0 2 16 0.01 1 986
5 16 0 0 2 64 0.0001 1 987
5 16 0 0 2 64 0.001 1 988
5 16 0 0 2 64 0.01 1 989
5 16 0 1 0 16 0.0001 1 990
5 16 0 1 0 16 0.001 1 991
5 16 0 1 0 16 0.01 1 992
5 16 0 1 0 64 0.0001 1 993
5 16 0 1 0 64 0.001 1 994
5 16 0 1 0 64 0.01 1 995
5 16 0 1 1 16 0.0001 1 996
5 16 0 1 1 16 0.001 1 997
5 16 0 1 1 16 0.01 1 998
5 16 0 1 1 64 0.0001 1 999
5 16 0 1 1 64 0.001 1 1000
5 16 0 1 1 64 0.01 1 1001
5 16 0 1 2 16 0.0001 1 1002
5 16 0 1 2 16 0.001 1 1003
5 16 0 1 2 16 0.01 1 1004
5 16 0 1 2 64 0.0001 1 1005
5 16 0 1 2 64 0.001 1 1006
5 16 0 1 2 64 0.01 1 1007
5 16 0 2 0 16 0.0001 1 1008
5 16 0 2 0 16 0.001 1 1009
5 16 0 2 0 16 0.01 1 1010
5 16 0 2 0 64 0.0001 1 1011
5 16 0 2 0 64 0.001 1 1012
5 16 0 2 0 64 0.01 1 1013
5 16 0 2 1 16 0.0001 1 1014
5 16 0 2 1 16 0.001 1 1015
5 16 0 2 1 16 0.01 1 1016
5 16 0 2 1 64 0.0001 1 1017
5 16 0 2 1 64 0.001 1 1018
5 16 0 2 1 64 0.01 1 1019
5 16 0 2 2 16 0.0001 1 1020
5 16 0 2 2 16 0.001 1 1021
5 16 0 2 2 16 0.01 1 1022
5 16 0 2 2 64 0.0001 1 1023
5 16 0 2 2 64 0.001 1 1024
5 16 0 2 2 64 0.01 1 1025
5 16 1 0 0 16 0.0001 1 1026
5 16 1 0 0 16 0.001 1 1027
5 16 1 0 0 16 0.01 1 1028
5 16 1 0 0 64 0.0001 1 1029
5 16 1 0 0 64 0.001 1 1030
5 16 1 0 0 64 0.01 1 1031
5 16 1 0 1 16 0.0001 1 1032
5 16 1 0 1 16 0.001 1 1033
5 16 1 0 1 16 0.01 1 1034
5 16 1 0 1 64 0.0001 1 1035
5 16 1 0 1 64 0.001 1 1036
5 16 1 0 1 64 0.01 1 1037
5 16 1 0 2 16 0.0001 1 1038
5 16 1 0 2 16 0.001 1 1039
5 16 1 0 2 16 0.01 1 1040
5 16 1 0 2 64 0.0001 1 1041
5 16 1 0 2 64 0.001 1 1042
5 16 1 0 2 64 0.01 1 1043
5 16 1 1 0 16 0.0001 1 1044
5 16 1 1 0 16 0.001 1 1045
5 16 1 1 0 16 0.01 1 1046
5 16 1 1 0 64 0.0001 1 1047
5 16 1 1 0 64 0.001 1 1048
5 16 1 1 0 64 0.01 1 1049
5 16 1 1 1 16 0.0001 1 1050
5 16 1 1 1 16 0.001 1 1051
5 16 1 1 1 16 0.01 1 1052
5 16 1 1 1 64 0.0001 1 1053
5 16 1 1 1 64 0.001 1 1054
5 16 1 1 1 64 0.01 1 1055
5 16 1 1 2 16 0.0001 1 1056
5 16 1 1 2 16 0.001 1 1057
5 16 1 1 2 16 0.01 1 1058
5 16 1 1 2 64 0.0001 1 1059
5 16 1 1 2 64 0.001 1 1060
5 16 1 1 2 64 0.01 1 1061
5 16 1 2 0 16 0.0001 1 1062
5 16 1 2 0 16 0.001 1 1063
5 16 1 2 0 16 0.01 1 1064
5 16 1 2 0 64 0.0001 1 1065
5 16 1 2 0 64 0.001 1 1066
5 16 1 2 0 64 0.01 1 1067
5 16 1 2 1 16 0.0001 1 1068
5 16 1 2 1 16 0.001 1 1069
5 16 1 2 1 16 0.01 1 1070
5 16 1 2 1 64 0.0001 1 1071
5 16 1 2 1 64 0.001 1 1072
5 16 1 2 1 64 0.01 1 1073
5 16 1 2 2 16 0.0001 1 1074
5 16 1 2 2 16 0.001 1 1075
5 16 1 2 2 16 0.01 1 1076
5 16 1 2 2 64 0.0001 1 1077
5 16 1 2 2 64 0.001 1 1078
5 16 1 2 2 64 0.01 1 1079
5 16 2 0 0 16 0.0001 1 1080
5 16 2 0 0 16 0.001 1 1081
5 16 2 0 0 16 0.01 1 1082
5 16 2 0 0 64 0.0001 1 1083
5 16 2 0 0 64 0.001 1 1084
5 16 2 0 0 64 0.01 1 1085
5 16 2 0 1 16 0.0001 1 1086
5 16 2 0 1 16 0.001 1 1087
5 16 2 0 1 16 0.01 1 1088
5 16 2 0 1 64 0.0001 1 1089
5 16 2 0 1 64 0.001 1 1090
5 16 2 0 1 64 0.01 1 1091
5 16 2 0 2 16 0.0001 1 1092
5 16 2 0 2 16 0.001 1 1093
5 16 2 0 2 16 0.01 1 1094
5 16 2 0 2 64 0.0001 1 1095
5 16 2 0 2 64 0.001 1 1096
5 16 2 0 2 64 0.01 1 1097
5 16 2 1 0 16 0.0001 1 1098
5 16 2 1 0 16 0.001 1 1099
5 16 2 1 0 16 0.01 1 1100
5 16 2 1 0 64 0.0001 1 1101
5 16 2 1 0 64 0.001 1 1102
5 16 2 1 0 64 0.01 1 1103
5 16 2 1 1 16 0.0001 1 1104
5 16 2 1 1 16 0.001 1 1105
5 16 2 1 1 16 0.01 1 1106
5 16 2 1 1 64 0.0001 1 1107
5 16 2 1 1 64 0.001 1 1108
5 16 2 1 1 64 0.01 1 1109
5 16 2 1 2 16 0.0001 1 1110
5 16 2 1 2 16 0.001 1 1111
5 16 2 1 2 16 0.01 1 1112
5 16 2 1 2 64 0.0001 1 1113
5 16 2 1 2 64 0.001 1 1114
5 16 2 1 2 64 0.01 1 1115
5 16 2 2 0 16 0.0001 1 1116
5 16 2 2 0 16 0.001 1 1117
5 16 2 2 0 16 0.01 1 1118
5 16 2 2 0 64 0.0001 1 1119
5 16 2 2 0 64 0.001 1 1120
5 16 2 2 0 64 0.01 1 1121
5 16 2 2 1 16 0.0001 1 1122
5 16 2 2 1 16 0.001 1 1123
5 16 2 2 1 16 0.01 1 1124
5 16 2 2 1 64 0.0001 1 1125
5 16 2 2 1 64 0.001 1 1126
5 16 2 2 1 64 0.01 1 1127
5 16 2 2 2 16 0.0001 1 1128
5 16 2 2 2 16 0.001 1 1129
5 16 2 2 2 16 0.01 1 1130
5 16 2 2 2 64 0.0001 1 1131
5 16 2 2 2 64 0.001 1 1132
5 16 2 2 2 64 0.01 1 1133
5 32 0 0 0 16 0.0001 1 1134
5 32 0 0 0 16 0.001 1 1135
5 32 0 0 0 16 0.01 1 1136
5 32 0 0 0 64 0.0001 1 1137
5 32 0 0 0 64 0.001 1 1138
5 32 0 0 0 64 0.01 1 1139
5 32 0 0 1 16 0.0001 1 1140
5 32 0 0 1 16 0.001 1 1141
5 32 0 0 1 16 0.01 1 1142
5 32 0 0 1 64 0.0001 1 1143
5 32 0 0 1 64 0.001 1 1144
5 32 0 0 1 64 0.01 1 1145
5 32 0 0 2 16 0.0001 1 1146
5 32 0 0 2 16 0.001 1 1147
5 32 0 0 2 16 0.01 1 1148
5 32 0 0 2 64 0.0001 1 1149
5 32 0 0 2 64 0.001 1 1150
5 32 0 0 2 64 0.01 1 1151
5 32 0 1 0 16 0.0001 1 1152
5 32 0 1 0 16 0.001 1 1153
5 32 0 1 0 16 0.01 1 1154
5 32 0 1 0 64 0.0001 1 1155
5 32 0 1 0 64 0.001 1 1156
5 32 0 1 0 64 0.01 1 1157
5 32 0 1 1 16 0.0001 1 1158
5 32 0 1 1 16 0.001 1 1159
5 32 0 1 1 16 0.01 1 1160
5 32 0 1 1 64 0.0001 1 1161
5 32 0 1 1 64 0.001 1 1162
5 32 0 1 1 64 0.01 1 1163
5 32 0 1 2 16 0.0001 1 1164
5 32 0 1 2 16 0.001 1 1165
5 32 0 1 2 16 0.01 1 1166
5 32 0 1 2 64 0.0001 1 1167
5 32 0 1 2 64 0.001 1 1168
5 32 0 1 2 64 0.01 1 1169
5 32 0 2 0 16 0.0001 1 1170
5 32 0 2 0 16 0.001 1 1171
5 32 0 2 0 16 0.01 1 1172
5 32 0 2 0 64 0.0001 1 1173
5 32 0 2 0 64 0.001 1 1174
5 32 0 2 0 64 0.01 1 1175
5 32 0 2 1 16 0.0001 1 1176
5 32 0 2 1 16 0.001 1 1177
5 32 0 2 1 16 0.01 1 1178
5 32 0 2 1 64 0.0001 1 1179
5 32 0 2 1 64 0.001 1 1180
5 32 0 2 1 64 0.01 1 1181
5 32 0 2 2 16 0.0001 1 1182
5 32 0 2 2 16 0.001 1 1183
5 32 0 2 2 16 0.01 1 1184
5 32 0 2 2 64 0.0001 1 1185
5 32 0 2 2 64 0.001 1 1186
5 32 0 2 2 64 0.01 1 1187
5 32 1 0 0 16 0.0001 1 1188
5 32 1 0 0 16 0.001 1 1189
5 32 1 0 0 16 0.01 1 1190
5 32 1 0 0 64 0.0001 1 1191
5 32 1 0 0 64 0.001 1 1192
5 32 1 0 0 64 0.01 1 1193
5 32 1 0 1 16 0.0001 1 1194
5 32 1 0 1 16 0.001 1 1195
5 32 1 0 1 16 0.01 1 1196
5 32 1 0 1 64 0.0001 1 1197
5 32 1 0 1 64 0.001 1 1198
5 32 1 0 1 64 0.01 1 1199
5 32 1 0 2 16 0.0001 1 1200
5 32 1 0 2 16 0.001 1 1201
5 32 1 0 2 16 0.01 1 1202
5 32 1 0 2 64 0.0001 1 1203
5 32 1 0 2 64 0.001 1 1204
5 32 1 0 2 64 0.01 1 1205
5 32 1 1 0 16 0.0001 1 1206
5 32 1 1 0 16 0.001 1 1207
5 32 1 1 0 16 0.01 1 1208
5 32 1 1 0 64 0.0001 1 1209
5 32 1 1 0 64 0.001 1 1210
5 32 1 1 0 64 0.01 1 1211
5 32 1 1 1 16 0.0001 1 1212
5 32 1 1 1 16 0.001 1 1213
5 32 1 1 1 16 0.01 1 1214
5 32 1 1 1 64 0.0001 1 1215
5 32 1 1 1 64 0.001 1 1216
5 32 1 1 1 64 0.01 1 1217
5 32 1 1 2 16 0.0001 1 1218
5 32 1 1 2 16 0.001 1 1219
5 32 1 1 2 16 0.01 1 1220
5 32 1 1 2 64 0.0001 1 1221
5 32 1 1 2 64 0.001 1 1222
5 32 1 1 2 64 0.01 1 1223
5 32 1 2 0 16 0.0001 1 1224
5 32 1 2 0 16 0.001 1 1225
5 32 1 2 0 16 0.01 1 1226
5 32 1 2 0 64 0.0001 1 1227
5 32 1 2 0 64 0.001 1 1228
5 32 1 2 0 64 0.01 1 1229
5 32 1 2 1 16 0.0001 1 1230
5 32 1 2 1 16 0.001 1 1231
5 32 1 2 1 16 0.01 1 1232
5 32 1 2 1 64 0.0001 1 1233
5 32 1 2 1 64 0.001 1 1234
5 32 1 2 1 64 0.01 1 1235
5 32 1 2 2 16 0.0001 1 1236
5 32 1 2 2 16 0.001 1 1237
5 32 1 2 2 16 0.01 1 1238
5 32 1 2 2 64 0.0001 1 1239
5 32 1 2 2 64 0.001 1 1240
5 32 1 2 2 64 0.01 1 1241
5 32 2 0 0 16 0.0001 1 1242
5 32 2 0 0 16 0.001 1 1243
5 32 2 0 0 16 0.01 1 1244
5 32 2 0 0 64 0.0001 1 1245
5 32 2 0 0 64 0.001 1 1246
5 32 2 0 0 64 0.01 1 1247
5 32 2 0 1 16 0.0001 1 1248
5 32 2 0 1 16 0.001 1 1249
5 32 2 0 1 16 0.01 1 1250
5 32 2 0 1 64 0.0001 1 1251
5 32 2 0 1 64 0.001 1 1252
5 32 2 0 1 64 0.01 1 1253
5 32 2 0 2 16 0.0001 1 1254
5 32 2 0 2 16 0.001 1 1255
5 32 2 0 2 16 0.01 1 1256
5 32 2 0 2 64 0.0001 1 1257
5 32 2 0 2 64 0.001 1 1258
5 32 2 0 2 64 0.01 1 1259
5 32 2 1 0 16 0.0001 1 1260
5 32 2 1 0 16 0.001 1 1261
5 32 2 1 0 16 0.01 1 1262
5 32 2 1 0 64 0.0001 1 1263
5 32 2 1 0 64 0.001 1 1264
5 32 2 1 0 64 0.01 1 1265
5 32 2 1 1 16 0.0001 1 1266
5 32 2 1 1 16 0.001 1 1267
5 32 2 1 1 16 0.01 1 1268
5 32 2 1 1 64 0.0001 1 1269
5 32 2 1 1 64 0.001 1 1270
5 32 2 1 1 64 0.01 1 1271
5 32 2 1 2 16 0.0001 1 1272
5 32 2 1 2 16 0.001 1 1273
5 32 2 1 2 16 0.01 1 1274
5 32 2 1 2 64 0.0001 1 1275
5 32 2 1 2 64 0.001 1 1276
5 32 2 1 2 64 0.01 1 1277
5 32 2 2 0 16 0.0001 1 1278
5 32 2 2 0 16 0.001 1 1279
5 32 2 2 0 16 0.01 1 1280
5 32 2 2 0 64 0.0001 1 1281
5 32 2 2 0 64 0.001 1 1282
5 32 2 2 0 64 0.01 1 1283
5 32 2 2 1 16 0.0001 1 1284
5 32 2 2 1 16 0.001 1 1285
5 32 2 2 1 16 0.01 1 1286
5 32 2 2 1 64 0.0001 1 1287
5 32 2 2 1 64 0.001 1 1288
5 32 2 2 1 64 0.01 1 1289
5 32 2 2 2 16 0.0001 1 1290
5 32 2 2 2 16 0.001 1 1291
5 32 2 2 2 16 0.01 1 1292
5 32 2 2 2 64 0.0001 1 1293
5 32 2 2 2 64 0.001 1 1294
5 32 2 2 2 64 0.01 1 1295
5 64 0 0 0 16 0.0001 1 1296
5 64 0 0 0 16 0.001 1 1297
5 64 0 0 0 16 0.01 1 1298
5 64 0 0 0 64 0.0001 1 1299
5 64 0 0 0 64 0.001 1 1300
5 64 0 0 0 64 0.01 1 1301
5 64 0 0 1 16 0.0001 1 1302
5 64 0 0 1 16 0.001 1 1303
5 64 0 0 1 16 0.01 1 1304
5 64 0 0 1 64 0.0001 1 1305
5 64 0 0 1 64 0.001 1 1306
5 64 0 0 1 64 0.01 1 1307
5 64 0 0 2 16 0.0001 1 1308
5 64 0 0 2 16 0.001 1 1309
5 64 0 0 2 16 0.01 1 1310
5 64 0 0 2 64 0.0001 1 1311
5 64 0 0 2 64 0.001 1 1312
5 64 0 0 2 64 0.01 1 1313
5 64 0 1 0 16 0.0001 1 1314
5 64 0 1 0 16 0.001 1 1315
5 64 0 1 0 16 0.01 1 1316
5 64 0 1 0 64 0.0001 1 1317
5 64 0 1 0 64 0.001 1 1318
5 64 0 1 0 64 0.01 1 1319
5 64 0 1 1 16 0.0001 1 1320
5 64 0 1 1 16 0.001 1 1321
5 64 0 1 1 16 0.01 1 1322
5 64 0 1 1 64 0.0001 1 1323
5 64 0 1 1 64 0.001 1 1324
5 64 0 1 1 64 0.01 1 1325
5 64 0 1 2 16 0.0001 1 1326
5 64 0 1 2 16 0.001 1 1327
5 64 0 1 2 16 0.01 1 1328
5 64 0 1 2 64 0.0001 1 1329
5 64 0 1 2 64 0.001 1 1330
5 64 0 1 2 64 0.01 1 1331
5 64 0 2 0 16 0.0001 1 1332
5 64 0 2 0 16 0.001 1 1333
5 64 0 2 0 16 0.01 1 1334
5 64 0 2 0 64 0.0001 1 1335
5 64 0 2 0 64 0.001 1 1336
5 64 0 2 0 64 0.01 1 1337
5 64 0 2 1 16 0.0001 1 1338
5 64 0 2 1 16 0.001 1 1339
5 64 0 2 1 16 0.01 1 1340
5 64 0 2 1 64 0.0001 1 1341
5 64 0 2 1 64 0.001 1 1342
5 64 0 2 1 64 0.01 1 1343
5 64 0 2 2 16 0.0001 1 1344
5 64 0 2 2 16 0.001 1 1345
5 64 0 2 2 16 0.01 1 1346
5 64 0 2 2 64 0.0001 1 1347
5 64 0 2 2 64 0.001 1 1348
5 64 0 2 2 64 0.01 1 1349
5 64 1 0 0 16 0.0001 1 1350
5 64 1 0 0 16 0.001 1 1351
5 64 1 0 0 16 0.01 1 1352
5 64 1 0 0 64 0.0001 1 1353
5 64 1 0 0 64 0.001 1 1354
5 64 1 0 0 64 0.01 1 1355
5 64 1 0 1 16 0.0001 1 1356
5 64 1 0 1 16 0.001 1 1357
5 64 1 0 1 16 0.01 1 1358
5 64 1 0 1 64 0.0001 1 1359
5 64 1 0 1 64 0.001 1 1360
5 64 1 0 1 64 0.01 1 1361
5 64 1 0 2 16 0.0001 1 1362
5 64 1 0 2 16 0.001 1 1363
5 64 1 0 2 16 0.01 1 1364
5 64 1 0 2 64 0.0001 1 1365
5 64 1 0 2 64 0.001 1 1366
5 64 1 0 2 64 0.01 1 1367
5 64 1 1 0 16 0.0001 1 1368
5 64 1 1 0 16 0.001 1 1369
5 64 1 1 0 16 0.01 1 1370
5 64 1 1 0 64 0.0001 1 1371
5 64 1 1 0 64 0.001 1 1372
5 64 1 1 0 64 0.01 1 1373
5 64 1 1 1 16 0.0001 1 1374
5 64 1 1 1 16 0.001 1 1375
5 64 1 1 1 16 0.01 1 1376
5 64 1 1 1 64 0.0001 1 1377
5 64 1 1 1 64 0.001 1 1378
5 64 1 1 1 64 0.01 1 1379
5 64 1 1 2 16 0.0001 1 1380
5 64 1 1 2 16 0.001 1 1381
5 64 1 1 2 16 0.01 1 1382
5 64 1 1 2 64 0.0001 1 1383
5 64 1 1 2 64 0.001 1 1384
5 64 1 1 2 64 0.01 1 1385
5 64 1 2 0 16 0.0001 1 1386
5 64 1 2 0 16 0.001 1 1387
5 64 1 2 0 16 0.01 1 1388
5 64 1 2 0 64 0.0001 1 1389
5 64 1 2 0 64 0.001 1 1390
5 64 1 2 0 64 0.01 1 1391
5 64 1 2 1 16 0.0001 1 1392
5 64 1 2 1 16 0.001 1 1393
5 64 1 2 1 16 0.01 1 1394
5 64 1 2 1 64 0.0001 1 1395
5 64 1 2 1 64 0.001 1 1396
5 64 1 2 1 64 0.01 1 1397
5 64 1 2 2 16 0.0001 1 1398
5 64 1 2 2 16 0.001 1 1399
5 64 1 2 2 16 0.01 1 1400
5 64 1 2 2 64 0.0001 1 1401
5 64 1 2 2 64 0.001 1 1402
5 64 1 2 2 64 0.01 1 1403
5 64 2 0 0 16 0.0001 1 1404
5 64 2 0 0 16 0.001 1 1405
5 64 2 0 0 16 0.01 1 1406
5 64 2 0 0 64 0.0001 1 1407
5 64 2 0 0 64 0.001 1 1408
5 64 2 0 0 64 0.01 1 1409
5 64 2 0 1 16 0.0001 1 1410
5 64 2 0 1 16 0.001 1 1411
5 64 2 0 1 16 0.01 1 1412
5 64 2 0 1 64 0.0001 1 1413
5 64 2 0 1 64 0.001 1 1414
5 64 2 0 1 64 0.01 1 1415
5 64 2 0 2 16 0.0001 1 1416
5 64 2 0 2 16 0.001 1 1417
5 64 2 0 2 16 0.01 1 1418
5 64 2 0 2 64 0.0001 1 1419
5 64 2 0 2 64 0.001 1 1420
5 64 2 0 2 64 0.01 1 1421
5 64 2 1 0 16 0.0001 1 1422
5 64 2 1 0 16 0.001 1 1423
5 64 2 1 0 16 0.01 1 1424
5 64 2 1 0 64 0.0001 1 1425
5 64 2 1 0 64 0.001 1 1426
5 64 2 1 0 64 0.01 1 1427
5 64 2 1 1 16 0.0001 1 1428
5 64 2 1 1 16 0.001 1 1429
5 64 2 1 1 16 0.01 1 1430
5 64 2 1 1 64 0.0001 1 1431
5 64 2 1 1 64 0.001 1 1432
5 64 2 1 1 64 0.01 1 1433
5 64 2 1 2 16 0.0001 1 1434
5 64 2 1 2 16 0.001 1 1435
5 64 2 1 2 16 0.01 1 1436
5 64 2 1 2 64 0.0001 1 1437
5 64 2 1 2 64 0.001 1 1438
5 64 2 1 2 64 0.01 1 1439
5 64 2 2 0 16 0.0001 1 1440
5 64 2 2 0 16 0.001 1 1441
5 64 2 2 0 16 0.01 1 1442
5 64 2 2 0 64 0.0001 1 1443
5 64 2 2 0 64 0.001 1 1444
5 64 2 2 0 64 0.01 1 1445
5 64 2 2 1 16 0.0001 1 1446
5 64 2 2 1 16 0.001 1 1447
5 64 2 2 1 16 0.01 1 1448
5 64 2 2 1 64 0.0001 1 1449
5 64 2 2 1 64 0.001 1 1450
5 64 2 2 1 64 0.01 1 1451
5 64 2 2 2 16 0.0001 1 1452
5 64 2 2 2 16 0.001 1 1453
5 64 2 2 2 16 0.01 1 1454
5 64 2 2 2 64 0.0001 1 1455
5 64 2 2 2 64 0.001 1 1456
5 64 2 2 2 64 0.01 1 1457
