1 64 0 2 1 64 0.001 1 1467 0.01 50 0
1 64 0 2 1 64 0.001 1 1467 0.01 100 1
1 64 0 2 1 64 0.001 1 1467 0.01 200 2
1 64 0 2 1 64 0.001 1 1467 0.01 500 3
1 64 0 2 1 64 0.001 1 1467 0.01 1000 4
1 64 0 2 1 64 0.001 1 1467 0.1 50 5
1 64 0 2 1 64 0.001 1 1467 0.1 100 6
1 64 0 2 1 64 0.001 1 1467 0.1 200 7
1 64 0 2 1 64 0.001 1 1467 0.1 500 8
1 64 0 2 1 64 0.001 1 1467 0.1 1000 9
1 64 0 2 1 64 0.001 1 1467 1 50 10
1 64 0 2 1 64 0.001 1 1467 1 100 11
1 64 0 2 1 64 0.001 1 1467 1 200 12
1 64 0 2 1 64 0.001 1 1467 1 500 13
1 64 0 2 1 64 0.001 1 1467 1 1000 14
2 64 0 2 1 64 0.001 1 1479 0.01 50 15
2 64 0 2 1 64 0.001 1 1479 0.01 100 16
2 64 0 2 1 64 0.001 1 1479 0.01 200 17
2 64 0 2 1 64 0.001 1 1479 0.01 500 18
2 64 0 2 1 64 0.001 1 1479 0.01 1000 19
2 64 0 2 1 64 0.001 1 1479 0.1 50 20
2 64 0 2 1 64 0.001 1 1479 0.1 100 21
2 64 0 2 1 64 0.001 1 1479 0.1 200 22
2 64 0 2 1 64 0.001 1 1479 0.1 500 23
2 64 0 2 1 64 0.001 1 1479 0.1 1000 24
2 64 0 2 1 64 0.001 1 1479 1 50 25
2 64 0 2 1 64 0.001 1 1479 1 100 26
2 64 0 2 1 64 0.001 1 1479 1 200 27
2 64 0 2 1 64 0.001 1 1479 1 500 28
2 64 0 2 1 64 0.001 1 1479 1 1000 29
2 64 2 2 1 64 0.001 1 1481 0.01 50 30
2 64 2 2 1 64 0.001 1 1481 0.01 100 31
2 64 2 2 1 64 0.001 1 1481 0.01 200 32
2 64 2 2 1 64 0.001 1 1481 0.01 500 33
2 64 2 2 1 64 0.001 1 1481 0.01 1000 34
2 64 2 2 1 64 0.001 1 1481 0.1 50 35
2 64 2 2 1 64 0.001 1 1481 0.1 100 36
2 64 2 2 1 64 0.001 1 1481 0.1 200 37
2 64 2 2 1 64 0.001 1 1481 0.1 500 38
2 64 2 2 1 64 0.001 1 1481 0.1 1000 39
2 64 2 2 1 64 0.001 1 1481 1 50 40
2 64 2 2 1 64 0.001 1 1481 1 100 41
2 64 2 2 1 64 0.001 1 1481 1 200 42
2 64 2 2 1 64 0.001 1 1481 1 500 43
2 64 2 2 1 64 0.001 1 1481 1 1000 44
5 64 0 2 1 64 0.001 1 1491 0.01 50 45
5 64 0 2 1 64 0.001 1 1491 0.01 100 46
5 64 0 2 1 64 0.001 1 1491 0.01 200 47
5 64 0 2 1 64 0.001 1 1491 0.01 500 48
5 64 0 2 1 64 0.001 1 1491 0.01 1000 49
5 64 0 2 1 64 0.001 1 1491 0.1 50 50
5 64 0 2 1 64 0.001 1 1491 0.1 100 51
5 64 0 2 1 64 0.001 1 1491 0.1 200 52
5 64 0 2 1 64 0.001 1 1491 0.1 500 53
5 64 0 2 1 64 0.001 1 1491 0.1 1000 54
5 64 0 2 1 64 0.001 1 1491 1 50 55
5 64 0 2 1 64 0.001 1 1491 1 100 56
5 64 0 2 1 64 0.001 1 1491 1 200 57
5 64 0 2 1 64 0.001 1 1491 1 500 58
5 64 0 2 1 64 0.001 1 1491 1 1000 59
1 64 0 2 1 64 0.001 1 1467 0.01 1 60
1 64 0 2 1 64 0.001 1 1467 0.01 5 61
1 64 0 2 1 64 0.001 1 1467 0.01 10 62
1 64 0 2 1 64 0.001 1 1467 0.01 20 63
1 64 0 2 1 64 0.001 1 1467 0.1 1 64
1 64 0 2 1 64 0.001 1 1467 0.1 5 65
1 64 0 2 1 64 0.001 1 1467 0.1 10 66
1 64 0 2 1 64 0.001 1 1467 0.1 20 67
1 64 0 2 1 64 0.001 1 1467 1 1 68
1 64 0 2 1 64 0.001 1 1467 1 5 69
1 64 0 2 1 64 0.001 1 1467 1 10 70
1 64 0 2 1 64 0.001 1 1467 1 20 71
2 64 0 2 1 64 0.001 1 1479 0.01 1 72
2 64 0 2 1 64 0.001 1 1479 0.01 5 73
2 64 0 2 1 64 0.001 1 1479 0.01 10 74
2 64 0 2 1 64 0.001 1 1479 0.01 20 75
2 64 0 2 1 64 0.001 1 1479 0.1 1 76
2 64 0 2 1 64 0.001 1 1479 0.1 5 77
2 64 0 2 1 64 0.001 1 1479 0.1 10 78
2 64 0 2 1 64 0.001 1 1479 0.1 20 79
2 64 0 2 1 64 0.001 1 1479 1 1 80
2 64 0 2 1 64 0.001 1 1479 1 5 81
2 64 0 2 1 64 0.001 1 1479 1 10 82
2 64 0 2 1 64 0.001 1 1479 1 20 83
2 64 2 2 1 64 0.001 1 1481 0.01 1 84
2 64 2 2 1 64 0.001 1 1481 0.01 5 85
2 64 2 2 1 64 0.001 1 1481 0.01 10 86
2 64 2 2 1 64 0.001 1 1481 0.01 20 87
2 64 2 2 1 64 0.001 1 1481 0.1 1 88
2 64 2 2 1 64 0.001 1 1481 0.1 5 89
2 64 2 2 1 64 0.001 1 1481 0.1 10 90
2 64 2 2 1 64 0.001 1 1481 0.1 20 91
2 64 2 2 1 64 0.001 1 1481 1 1 92
2 64 2 2 1 64 0.001 1 1481 1 5 93
2 64 2 2 1 64 0.001 1 1481 1 10 94
2 64 2 2 1 64 0.001 1 1481 1 20 95
5 64 0 2 1 64 0.001 1 1491 0.01 1 96
5 64 0 2 1 64 0.001 1 1491 0.01 5 97
5 64 0 2 1 64 0.001 1 1491 0.01 10 98
5 64 0 2 1 64 0.001 1 1491 0.01 20 99
5 64 0 2 1 64 0.001 1 1491 0.1 1 100
5 64 0 2 1 64 0.001 1 1491 0.1 5 101
5 64 0 2 1 64 0.001 1 1491 0.1 10 102
5 64 0 2 1 64 0.001 1 1491 0.1 20 103
5 64 0 2 1 64 0.001 1 1491 1 1 104
5 64 0 2 1 64 0.001 1 1491 1 5 105
5 64 0 2 1 64 0.001 1 1491 1 10 106
5 64 0 2 1 64 0.001 1 1491 1 20 107
1 64 0 2 1 16 0.001 1 1466 0.01 1 108
1 64 0 2 1 16 0.001 1 1466 0.01 5 109
1 64 0 2 1 16 0.001 1 1466 0.01 10 110
1 64 0 2 1 16 0.001 1 1466 0.01 20 111
1 64 0 2 1 16 0.001 1 1466 0.01 50 112
1 64 0 2 1 16 0.001 1 1466 0.01 100 113
1 64 0 2 1 16 0.001 1 1466 0.01 200 114
1 64 0 2 1 16 0.001 1 1466 0.01 500 115
1 64 0 2 1 16 0.001 1 1466 0.01 1000 116
1 64 0 2 1 16 0.001 1 1466 0.1 1 117
1 64 0 2 1 16 0.001 1 1466 0.1 5 118
1 64 0 2 1 16 0.001 1 1466 0.1 10 119
1 64 0 2 1 16 0.001 1 1466 0.1 20 120
1 64 0 2 1 16 0.001 1 1466 0.1 50 121
1 64 0 2 1 16 0.001 1 1466 0.1 100 122
1 64 0 2 1 16 0.001 1 1466 0.1 200 123
1 64 0 2 1 16 0.001 1 1466 0.1 500 124
1 64 0 2 1 16 0.001 1 1466 0.1 1000 125
1 64 0 2 1 16 0.001 1 1466 1 1 126
1 64 0 2 1 16 0.001 1 1466 1 5 127
1 64 0 2 1 16 0.001 1 1466 1 10 128
1 64 0 2 1 16 0.001 1 1466 1 20 129
1 64 0 2 1 16 0.001 1 1466 1 50 130
1 64 0 2 1 16 0.001 1 1466 1 100 131
1 64 0 2 1 16 0.001 1 1466 1 200 132
1 64 0 2 1 16 0.001 1 1466 1 500 133
1 64 0 2 1 16 0.001 1 1466 1 1000 134
2 64 0 2 1 16 0.001 1 1478 0.01 1 135
2 64 0 2 1 16 0.001 1 1478 0.01 5 136
2 64 0 2 1 16 0.001 1 1478 0.01 10 137
2 64 0 2 1 16 0.001 1 1478 0.01 20 138
2 64 0 2 1 16 0.001 1 1478 0.01 50 139
2 64 0 2 1 16 0.001 1 1478 0.01 100 140
2 64 0 2 1 16 0.001 1 1478 0.01 200 141
2 64 0 2 1 16 0.001 1 1478 0.01 500 142
2 64 0 2 1 16 0.001 1 1478 0.01 1000 143
2 64 0 2 1 16 0.001 1 1478 0.1 1 144
2 64 0 2 1 16 0.001 1 1478 0.1 5 145
2 64 0 2 1 16 0.001 1 1478 0.1 10 146
2 64 0 2 1 16 0.001 1 1478 0.1 20 147
2 64 0 2 1 16 0.001 1 1478 0.1 50 148
2 64 0 2 1 16 0.001 1 1478 0.1 100 149
2 64 0 2 1 16 0.001 1 1478 0.1 200 150
2 64 0 2 1 16 0.001 1 1478 0.1 500 151
2 64 0 2 1 16 0.001 1 1478 0.1 1000 152
2 64 0 2 1 16 0.001 1 1478 1 1 153
2 64 0 2 1 16 0.001 1 1478 1 5 154
2 64 0 2 1 16 0.001 1 1478 1 10 155
2 64 0 2 1 16 0.001 1 1478 1 20 156
2 64 0 2 1 16 0.001 1 1478 1 50 157
2 64 0 2 1 16 0.001 1 1478 1 100 158
2 64 0 2 1 16 0.001 1 1478 1 200 159
2 64 0 2 1 16 0.001 1 1478 1 500 160
2 64 0 2 1 16 0.001 1 1478 1 1000 161